1	2
3	4
5	6
7	8
9	10
11	12
13	14
15	16
17	18
19	20
21	22
23	24
25	26
27	28
29	30
31	32
33	34
35	36
37	38
39	40
41	42
43	44
45	46
47	48
49	50
51	52
53	54
55	56
57	58
59	60
61	62
63	64
65	66
67	68
69	70
71	72
73	74
75	76
77	78
79	80
81	82
83	84
85	86
10	87
88	89
90	91
92	93
94	95
96	97
98	99
100	101
102	103
104	105
106	107
108	109
110	111
112	113
114	115
116	117
118	119
120	121
122	123
124	3
125	126
127	128
129	130
131	132
133	134
135	136
137	138
139	140
141	142
143	144
145	146
147	148
149	150
151	152
153	154
155	156
157	158
159	160
161	162
163	164
165	166
167	168
169	170
171	172
173	174
129	175
176	177
178	179
180	181
182	183
184	185
186	187
188	189
190	191
192	193
194	195
196	197
198	199
200	201
202	203
204	205
206	207
208	209
210	211
212	213
214	215
216	217
218	219
220	221
222	223
151	224
225	226
227	228
229	230
231	232
233	234
235	236
237	238
239	240
241	242
243	244
245	246
247	248
249	250
251	252
253	254
255	256
257	258
259	260
261	262
263	264
265	266
267	268
269	270
271	272
273	274
275	276
277	278
279	280
281	282
283	284
285	286
287	288
289	290
291	292
293	294
295	296
297	298
299	300
301	302
303	304
305	306
307	308
309	310
311	312
313	314
315	316
317	318
319	320
321	322
323	324
325	326
327	328
329	330
331	332
333	334
335	336
337	338
339	340
93	341
342	343
344	345
346	347
348	349
350	351
352	353
354	355
356	357
358	359
360	361
362	363
364	365
366	367
368	369
370	371
372	373
374	375
376	377
378	379
380	381
382	383
384	385
386	387
388	389
390	391
392	120
393	394
395	396
397	398
399	400
401	402
403	404
405	406
407	408
409	410
411	412
413	414
415	416
417	418
419	420
421	422
423	424
425	426
427	428
112	429
430	431
203	432
433	434
435	436
437	438
439	440
441	442
443	444
445	446
447	448
449	450
451	452
453	454
455	456
457	458
459	460
461	462
463	464
465	466
467	468
469	411
470	471
472	473
474	475
476	477
478	479
480	481
482	483
484	485
486	487
488	489
490	491
492	493
494	495
496	497
498	499
500	501
502	503
504	505
506	507
508	509
510	431
511	512
513	514
515	516
517	518
519	520
521	522
523	524
525	261
526	527
528	529
530	531
532	533
534	535
536	537
538	539
540	541
542	543
544	527
545	546
547	548
549	550
551	552
553	554
555	556
190	557
558	559
560	561
562	563
564	565
566	567
568	569
570	571
572	573
574	575
576	577
578	579
580	581
582	583
584	585
586	587
588	589
590	591
592	496
593	594
595	596
597	186
598	599
600	601
602	603
604	419
369	275
605	606
607	608
609	610
611	612
613	346
614	615
616	617
618	619
620	621
622	623
624	625
626	627
628	629
212	630
631	632
633	634
635	636
637	638
639	436
640	641
642	643
644	645
646	647
648	649
650	651
16	652
653	654
655	332
656	657
248	658
659	660
661	662
663	49
664	665
666	667
668	669
670	671
296	672
673	234
211	674
675	676
677	678
679	680
681	682
683	684
685	686
687	688
689	690
691	692
693	694
695	696
697	698
699	700
701	702
703	704
705	706
707	708
709	710
711	712
713	714
715	716
333	717
718	719
720	721
544	722
483	723
724	725
726	524
727	728
729	730
731	732
733	734
735	736
737	738
739	740
741	742
189	743
744	745
746	747
748	749
102	102
750	77
730	751
752	753
754	755
756	185
757	758
759	533
760	761
762	763
764	402
765	766
767	768
675	769
770	771
772	773
774	775
776	777
778	779
780	781
782	783
784	785
786	703
787	788
789	790
401	791
792	793
794	795
796	797
798	799
800	801
802	803
804	805
806	807
808	809
810	811
812	813
814	815
816	817
818	819
820	821
822	823
304	824
825	826
827	828
829	830
831	832
833	834
835	836
837	838
839	840
841	842
843	844
845	165
846	847
236	848
849	850
851	852
853	854
855	856
857	858
790	859
860	861
862	863
864	865
866	867
868	869
870	871
773	872
873	874
612	875
876	877
878	879
880	881
882	883
42	884
305	885
886	887
888	497
889	890
891	892
9	893
894	895
896	897
898	638
899	900
901	902
903	904
326	905
906	907
908	909
910	700
911	912
913	914
915	916
917	918
919	744
920	921
922	923
924	925
926	927
928	929
930	931
932	933
934	935
936	135
937	938
324	939
940	941
942	943
944	945
946	947
948	949
950	951
254	952
953	954
955	956
957	958
959	960
961	962
179	963
479	964
170	965
966	967
968	969
970	971
509	972
60	973
974	934
975	976
977	978
979	980
981	982
983	984
985	986
987	752
441	127
988	979
989	990
279	991
992	993
580	994
995	996
997	998
999	1000
1001	1002
1003	624
1004	1005
1006	1007
1008	1009
1010	1011
1012	1013
1014	1015
1016	130
1017	1018
1019	1020
1021	1022
1023	1024
1025	1026
1027	1028
1029	1030
1031	1032
1033	1034
605	1035
1036	1037
1038	214
1039	1040
1041	1042
1043	1044
671	1045
1046	1047
1048	1049
1050	1051
1052	1053
1054	1055
1056	1057
1058	1059
1060	1061
1062	1063
1064	1065
1066	1067
1068	1069
1070	961
875	1071
1072	1073
1074	1075
1076	1077
1078	995
1079	1080
1081	1082
1083	1084
1085	1086
1087	1088
1089	739
1090	1091
1092	1093
1094	1095
1096	1097
1098	1099
1100	1101
1102	1103
1104	1105
1106	1107
1108	1109
1110	1111
1112	1113
1114	1115
1116	1117
1118	1119
1120	1121
1122	1123
694	1124
1125	1126
1127	1128
1129	1130
69	1131
1132	1133
520	1134
1135	1136
1137	76
1026	1138
1139	1140
1141	1142
1143	1144
776	1145
1146	1147
1148	1149
1150	1151
1152	1153
1154	1155
1156	1157
1158	1159
1160	1161
22	661
820	1162
1163	1164
1165	1166
1167	1168
1169	1170
1171	1172
346	1173
1174	1175
1176	1177
1178	1179
1053	245
1180	1181
1182	1183
895	1184
1185	1186
1187	1188
1189	1128
1165	1190
1191	1192
1193	1194
1195	1196
1197	194
391	1198
769	1199
1200	1201
1202	1203
1204	1205
1082	1206
1094	1207
1208	5
1209	892
1210	1211
1212	1213
1214	1215
1216	1217
1218	1219
1220	689
1221	1222
1223	1224
1225	1226
1227	1228
1229	1230
1231	815
1232	1233
1234	1235
1236	1237
1238	1239
1240	1241
1242	1243
1244	1245
1246	1247
1248	1249
535	1250
357	1251
1252	1253
1254	1255
1256	1257
1258	1259
1260	1261
1262	1263
1264	898
1265	570
799	812
624	1266
1267	1268
1269	1270
1271	1272
1273	1274
1275	1276
1277	1278
1279	1280
1281	1282
1283	1284
1285	1286
1287	1288
1289	1290
883	1291
819	1267
1292	1293
1294	1295
1119	1296
1297	1298
1299	1300
950	31
1301	1302
1303	1304
1305	1306
1307	1308
1309	1310
1311	1312
1313	1314
1315	1316
274	1317
1318	1319
1320	1321
1322	1323
1324	1325
1326	1327
44	1328
1329	1330
1331	1332
1333	1334
1335	1336
1337	1338
1339	1340
1341	1342
698	1343
1344	1345
1346	1347
1348	1349
1350	1351
1352	908
1353	1354
1355	1356
1357	1358
1359	1360
1361	1362
1363	1364
1365	659
1366	1367
1368	1369
763	1370
1371	1372
1373	1374
692	1375
1376	371
1377	1378
1379	1380
1381	1382
674	1383
1384	6
15	1385
1386	1387
1388	1389
1390	1391
1392	1393
1394	44
1395	1396
1397	1398
1399	1400
1401	168
1402	1403
1404	1405
1406	1407
1408	1409
1410	1411
1412	1413
644	757
1414	162
1415	1416
1417	717
1418	1419
1420	222
1055	1421
1422	399
1423	1424
1425	1426
1427	1428
1429	1430
1431	1432
1433	1434
1435	339
175	1436
1437	1438
1042	1439
1440	1441
1442	1443
1444	1445
1446	1447
1448	1449
1450	1451
671	1452
1453	1454
1455	1456
1457	1458
1459	1460
805	1461
1462	1463
1464	1465
1466	1467
1468	1469
1470	1471
1472	1473
1087	1474
1475	1476
1477	1478
1479	1480
1481	1482
1483	1429
1484	1485
1486	1487
1488	1489
1490	1491
1492	1493
1312	1494
1495	640
1496	1497
1498	1499
1500	1501
1502	1503
1504	1505
1506	1507
1508	804
1509	1510
1511	1512
1513	1514
1515	1516
1436	1517
1518	1519
121	380
1520	1521
1522	1523
1524	1525
1526	1527
1528	1529
1530	1531
351	1532
321	1533
1534	1535
1536	1537
1538	913
1539	1540
1541	1542
1543	1544
1080	1545
1546	1547
1548	1549
1550	1551
1552	1214
589	1553
1554	1555
893	87
1556	1324
1557	1558
1559	1560
1295	691
1138	1561
1562	1563
1564	1565
108	1566
1567	1568
1569	923
1033	490
1570	1571
1572	734
1573	1574
1575	1576
1577	860
1198	1578
1261	1579
1580	1581
1582	1583
1584	1087
1585	1586
44	414
1587	673
1155	1163
1588	1180
1589	1590
1591	1592
1593	1594
1595	1540
1596	1597
1598	1599
712	1410
1600	1601
310	1602
1603	1604
1605	129
1606	1602
1607	1608
1609	1610
1611	1612
1613	1614
1615	987
1616	1617
1618	1619
1620	1621
1622	1184
1623	1624
1625	1626
318	1627
1628	1629
1630	173
1631	1632
1414	1633
1634	1635
1636	1023
60	1637
1638	1639
1640	1641
1642	196
1643	1644
1645	949
1646	1647
424	407
1648	1649
1650	1232
1651	1114
1652	1653
1654	1655
425	1656
1657	1658
1659	1205
1660	1661
1662	1663
1664	1665
1666	1411
1667	1668
1669	1670
1671	1672
1673	1674
1675	451
1676	1677
209	1678
418	1679
1680	1681
1682	1423
1683	1684
1685	618
1686	1687
1688	1689
1690	1452
1691	1692
1693	1694
1695	1696
148	1697
1698	1699
1700	1701
1702	1703
1704	1705
1674	1706
1707	1708
1709	1710
1711	1712
1713	1714
1715	1716
681	1717
1718	1719
1720	1654
1721	1722
506	1723
962	1724
1725	1726
1727	1728
1729	1730
1206	1731
1732	1733
1734	1735
1736	1737
1738	1739
1740	1741
1742	1743
1744	1745
1746	1747
1748	1749
884	895
1750	1751
1752	1753
1754	1755
1571	1756
1757	1758
1759	1760
385	1212
1761	1762
1763	1407
1764	1765
740	1766
1767	1768
1769	1770
1771	1772
1773	1774
1775	1776
793	1777
175	1778
1779	1780
1781	1782
1783	1784
1785	1786
1787	1788
1789	1790
1791	1792
1793	1421
1794	1795
1796	1797
1798	1799
1800	1801
1802	1803
1804	1805
1272	1806
1807	1808
1809	824
1810	1811
1812	1141
1813	1459
1814	178
1815	1816
1817	1818
1819	1820
1821	1822
641	1043
1810	1823
71	1824
1825	1826
1827	1828
1829	1830
968	1831
1832	1833
1834	1835
1836	1837
1838	1839
1840	1841
649	1842
1843	1844
1845	822
1846	1847
1848	1849
1850	528
1851	1311
1852	1853
524	1854
1855	829
1856	1857
1858	1859
1860	1861
1862	1863
1864	1865
1866	1867
1188	1868
958	124
1869	1870
1871	1872
1873	1874
173	1875
953	1876
1877	1745
1878	1879
1880	1881
1882	1883
1884	1111
1885	1886
1887	1888
1889	1890
1891	1892
1893	1894
1895	759
1808	1896
1629	152
1897	1898
672	1593
1899	1900
1901	1902
1903	1904
1905	1846
939	1906
1907	1672
1908	1909
1038	1910
1911	1912
1913	672
1914	1915
1916	1747
869	1405
1917	891
1150	1918
1919	1920
477	1921
1922	1656
1923	511
1924	1925
654	1504
1454	1926
1927	1298
265	1928
1929	1930
1215	1931
1921	1932
1933	1934
46	1935
1936	1937
1938	1939
1940	1941
1942	1943
1944	1945
1019	1643
1946	1947
1699	1948
1949	1950
1951	1952
231	720
1953	1954
1955	1956
1824	1957
1958	1959
288	797
1960	1961
921	1962
1963	1964
1965	1966
1967	1968
1969	91
1970	1072
1971	1972
1114	1973
909	1192
74	1974
1975	1976
1977	1978
93	1979
1980	1349
1981	1982
1234	1983
1984	534
1985	1986
155	1987
1309	1988
1989	1990
738	1991
1043	1992
719	1993
1994	265
1995	1996
1997	1399
1998	1999
347	2000
2001	2002
552	2003
2004	2005
2006	2007
2008	2009
2010	2011
695	1752
2012	2013
1314	2014
2015	2016
2017	1384
2018	1408
381	57
2019	1546
2020	2021
2022	610
1691	2023
26	2024
2025	2026
2027	2028
873	2029
1051	451
2030	2031
1978	1923
2032	918
362	2033
2034	2035
2036	2037
2038	2039
2040	2041
2042	2043
2044	2045
2046	2047
2048	283
2049	155
2050	2051
2052	2053
2054	2055
2056	2057
2058	2059
913	2060
2061	2062
2063	1331
2064	2065
707	2066
342	2067
2068	2069
2070	2071
2072	2073
2074	2075
2076	2077
2078	2079
2080	1160
2081	2082
1886	635
423	1553
2083	2084
2085	803
2086	2087
2088	2089
2090	2091
2092	2093
2051	2094
2095	2095
2096	2097
2098	2099
1207	2100
2101	51
2102	1775
1115	2103
2104	2105
2106	2107
1675	2108
2109	2110
2111	2112
2113	2114
1050	2115
2116	2117
2118	2119
2120	2121
2122	2123
2124	1958
2125	2126
491	670
2127	1263
2128	2129
1143	2130
2131	2132
2133	2134
2135	2136
345	2137
517	2138
1145	1986
2139	2140
874	2141
2142	2143
2144	2145
2146	2147
2148	2149
2150	2151
2152	2153
2154	2155
2156	2157
2158	2159
2160	2161
2117	2162
2163	2164
2165	2166
2167	2168
2169	534
2170	2171
2172	2173
875	2174
2175	2176
1002	2177
2178	779
2011	2179
2180	2181
2182	2183
594	2184
2185	1691
324	2186
2187	2188
306	2189
2190	2191
2192	2193
2194	2195
2196	1675
2197	2198
2199	2200
2201	1056
2202	2203
2204	1882
2205	2206
1866	2207
2208	2209
2210	2211
2212	2213
2214	2215
2216	2217
2218	2219
2220	2221
2222	2162
2223	2224
2225	2226
353	2227
2228	2229
1558	2230
2231	2232
1751	2233
2234	2235
1724	2236
2237	2238
2239	2240
2241	1228
2242	784
2243	128
2244	2245
2246	2247
2248	661
389	2249
2250	2251
1858	2252
2253	21
2254	693
2255	2256
2257	2258
2259	2260
2261	500
2262	2231
228	2263
2264	2265
2266	2267
2268	960
2269	2270
1357	695
2271	2272
2273	2274
2275	2276
2277	2278
2279	464
2280	2281
2282	2283
1916	1152
2284	2285
2286	2287
2288	2289
783	2290
1105	2291
683	2292
2293	2294
2136	401
2295	2296
676	2297
2298	2299
2300	1899
520	1245
2301	120
1416	578
791	2302
2303	1554
992	2304
2305	361
2306	2307
2308	1949
2309	2310
2311	2312
2313	2314
1441	2315
2316	2317
2318	2319
338	1659
2320	1742
2321	574
2322	2323
2324	2325
2326	2327
2328	2329
2330	2331
2332	2333
1772	2334
881	2335
749	2336
2337	2338
2339	2340
2313	2341
2342	2343
2344	204
2345	2052
2111	2346
2347	2348
976	506
2349	2350
2351	2352
2353	2354
2014	1092
2355	2356
2357	2358
2359	1889
2360	2361
2362	2363
2364	2365
2366	2367
2368	2369
2370	2320
1877	2371
2372	2373
2374	2375
2376	161
426	2377
2378	2199
2379	2380
2381	2382
2383	2384
2385	590
2386	1720
2387	2388
1045	2389
2390	2391
2392	1823
2393	2394
2395	2396
2397	2398
2399	2400
2401	2402
2403	2404
2405	2406
2407	2408
2409	2410
939	631
2411	2412
2413	2414
2415	2416
2417	2418
2419	1316
2420	224
1134	2421
2422	319
676	2423
2424	325
2425	2426
1814	2427
2428	1991
2429	2345
2430	2431
2432	2433
1081	2434
2115	2435
2436	2437
2438	2439
358	1221
2440	354
917	2441
2442	1508
2443	393
2444	2445
1534	2446
2447	1277
2448	1884
2449	1548
2450	1385
2451	2452
2394	2453
1923	2454
2455	2456
2457	2458
2459	1716
2460	2461
2462	2463
2464	2465
2466	2467
2468	2469
1565	1916
2470	1903
29	2471
2472	2473
471	1659
2474	2475
2476	2477
2478	2479
2480	2481
2482	2483
2484	2485
109	1566
657	143
2486	723
2487	2488
2489	2490
2491	1001
2492	1077
1415	2493
2494	2495
2496	2497
307	2498
2499	1040
2500	2501
2502	2503
805	2504
2505	2506
331	2507
2508	2509
2510	901
2511	2472
2057	2512
2513	2514
2515	886
2516	2517
1463	2518
2519	2520
1966	1492
2521	2522
2523	2524
278	1216
2525	1477
1464	2526
2527	2528
2529	999
2530	871
2531	2532
1697	2533
2534	564
2535	2536
1024	2537
2538	2539
596	2540
2541	483
1206	2254
2542	2543
2544	384
2545	2546
2547	2548
973	2549
2306	2550
2551	376
396	2552
2553	2554
2555	2556
2557	2558
2559	379
2560	2561
2544	2562
2563	2564
2565	2566
2567	2568
2569	2570
2571	2572
2573	2574
2056	2575
998	2576
2577	2578
2579	2580
1690	1131
2581	2582
2583	2584
1000	2417
2585	2586
2587	2588
2589	2359
2590	2591
2592	2593
2062	243
2594	2595
2596	1893
905	2597
1592	482
2598	2599
1526	2600
253	1729
1058	1059
2601	2602
2603	2604
1031	2605
2606	2607
2608	2609
2610	2611
2612	1591
2613	2614
2615	2616
2617	1479
2618	2619
2620	2621
2622	2623
2624	2625
2626	2627
2628	2629
2630	2631
2632	210
2633	2634
2635	2636
2637	2638
610	2639
2343	822
2371	2640
2641	2642
2643	2644
2645	2646
511	2647
2648	2649
944	1528
2650	2651
2391	2652
2653	2654
2655	1099
2656	333
2657	2289
2658	2659
2660	1306
1899	2661
1801	2662
492	2663
2664	2665
1334	2025
1584	2666
2667	2668
2669	2670
2671	2672
2673	2674
458	2675
2676	2677
2678	2679
1168	2425
2680	2681
2682	2683
2684	2685
1395	2686
2687	2688
1646	2689
2690	2691
2692	2693
2694	2622
2695	2696
111	2697
2698	539
1736	2014
2435	2699
2700	1052
2701	2702
2703	2704
2705	2706
997	1635
2122	2707
1766	2708
2709	2710
2711	2712
2713	1610
1413	2714
2715	2716
2717	958
2718	2719
1893	1434
2720	2721
2722	2723
1328	2724
2725	2050
2726	1861
1648	2727
217	2728
2157	2729
2170	2730
1812	2731
2732	2733
2734	2735
2736	2737
2738	2739
2740	2741
2742	2743
2744	2745
2363	167
2253	2746
2747	2748
2050	2749
2750	2751
2752	2753
2754	2755
2756	2757
2758	2759
2760	2761
1851	1312
2762	2763
2501	70
2742	2764
1189	2765
2766	1580
2144	2767
67	2768
2769	2770
932	2771
2772	2773
2774	2775
2776	2777
743	2778
2779	2780
2781	2394
2782	1264
2783	1152
2581	2784
2785	2786
2787	2788
2789	2790
2791	845
2792	2793
2794	1360
2795	2796
2797	1808
625	2798
2799	660
2800	2801
2026	2802
2803	2804
270	2204
2805	2806
2807	730
2808	2809
565	2810
2811	659
2812	2813
2814	2158
2815	846
2816	2817
2818	1640
677	2819
2820	2821
2822	2823
2824	997
2825	2826
2827	2828
2829	2293
2830	2831
2832	2833
2834	2835
1618	2836
2134	2837
1480	2403
871	1518
2838	1962
2839	2840
2796	2841
1501	2842
2843	2844
75	2845
2846	2847
2848	2849
2850	2851
621	1139
2251	2852
2853	2854
1948	2855
2856	1119
1255	1035
2857	2858
2859	2338
2707	2860
2861	1823
2862	2863
172	2864
2865	2866
2867	2868
1945	16
2869	2870
2871	2748
2872	2873
2874	2875
2876	2877
2878	967
2879	2813
2073	2255
2880	2744
2881	1374
2882	2883
700	2884
72	2885
2684	2886
2887	2888
2889	2890
2891	1420
2892	2893
2894	2895
1758	2896
2897	2898
2899	990
2900	2901
2902	2903
2904	1076
1182	2905
2906	2907
1210	1994
2908	1648
2909	2910
499	2911
2912	2913
2914	2915
2916	2917
2258	1820
2918	2919
2920	953
2921	41
2922	2923
2924	925
2925	2926
2927	2928
2929	2930
2931	187
2932	2933
2934	2935
2936	1288
601	2049
2937	255
2938	2939
2940	2941
497	2185
1098	2942
477	2943
2944	2945
2946	2947
2948	2949
2950	735
2578	2951
831	2952
2953	995
2954	711
2955	2956
2957	2958
208	125
1458	2959
2960	2961
910	2729
2962	115
2963	2964
1999	317
1833	2514
2965	2966
2806	2934
2967	2968
2816	1186
2969	225
2970	2971
1983	2972
454	7
2860	2973
733	467
2974	2902
2863	2975
2976	2977
2978	2979
2980	2981
2982	2983
603	2856
2984	2985
2986	2987
2988	2989
2990	2991
223	2917
2992	2993
2864	2648
2994	2995
2996	2997
2998	201
2999	2303
3000	2042
3001	2737
918	3002
1904	3003
2403	413
3004	770
3005	3006
3007	2441
3008	3009
1681	2461
3010	959
3011	1010
3012	940
3013	3014
3015	3016
3017	3018
3019	3020
3021	2820
3022	3023
484	1299
3024	877
1894	3025
3026	3027
3028	3029
3030	3031
3032	1949
1353	2986
479	648
2791	3033
3034	2764
1725	1127
2380	1214
3035	2018
2941	2265
3036	2611
3037	3038
1950	3039
3040	3041
3042	3043
2671	386
3044	3045
3046	3047
3048	3049
3050	3051
3052	670
3053	3054
2598	3055
3056	3057
3058	3046
3059	3060
739	2196
3061	1798
3062	3063
3064	3065
1477	3066
1315	2374
3067	1873
3068	3069
3070	513
3071	3072
1819	3073
3074	3075
1787	3076
106	3077
3078	2378
1131	2310
2225	3079
3080	3081
3082	3083
3084	1890
3085	108
791	3086
3087	3088
3089	3090
3091	3092
1911	3093
3094	3095
3096	508
2602	3097
3098	3029
726	3099
3100	3101
2508	3102
3103	1546
2677	557
3104	1563
684	3105
2552	3106
3107	1176
3108	3109
3110	3111
1620	3112
222	2916
3113	3114
3115	1989
537	669
713	3116
3117	3118
3119	3120
3121	1368
3122	3123
1816	795
3124	3125
58	3126
1109	3127
2261	3128
2121	3129
1507	3130
3131	11
2407	3132
301	3133
2007	3134
3135	1002
3136	3137
3138	2618
3139	3140
3141	3142
1406	3143
3144	3145
3146	2891
3147	3148
1512	3149
3150	3151
3152	1273
3153	3154
3155	3156
3157	1688
3158	3159
1986	2227
3160	3161
3162	1017
3163	3164
2319	3165
3166	3167
499	2182
1030	3080
2227	3168
789	3169
3170	3171
3172	3173
3174	127
1164	3175
1424	2349
2024	3152
1325	2556
3176	3177
3178	2815
1082	2254
3179	3180
2141	3181
3182	1577
2938	3183
3184	2801
3185	3186
3187	3188
556	3189
3190	2301
302	2515
3191	3192
237	3193
1149	3194
3195	1997
3196	3197
3198	3199
3200	3201
1881	3202
3203	3204
3205	59
3206	2540
562	3207
3208	3209
3210	2785
3211	3212
3213	3214
3215	3216
3217	3218
3219	3220
3221	3222
1077	3113
3223	3224
2352	2142
3225	3226
3227	3228
3229	1496
3230	3231
2851	3232
3233	3234
383	2372
3235	3236
3237	3238
2959	2720
3239	3240
760	420
3241	3242
3243	3244
2885	3245
1910	2369
3246	3247
3248	3249
3250	3251
2512	3252
446	3253
3254	3255
3256	1448
3257	3258
3259	202
3260	2831
2	3261
3262	574
283	1350
3263	3264
852	1144
3265	3266
3267	1285
3268	3269
3270	3271
3272	2261
486	3273
3274	3275
3276	3277
629	1195
3278	1062
327	3279
1301	2
3280	2595
3281	2871
711	1733
262	2101
3282	3283
3284	3285
3286	3287
3288	3289
1306	3290
3291	3117
3292	3293
3294	772
505	1933
39	3295
3296	3297
3298	1337
3299	3300
3301	2905
3302	3303
2927	2784
2666	3304
3305	3306
1004	2725
3307	3308
3309	3310
95	3311
3312	3313
3314	2496
1126	3315
3316	3317
3318	3319
3320	3321
3322	3323
3324	3325
3326	983
3327	3328
2589	3329
3330	3331
3332	3333
3334	2161
3335	3336
3337	3338
3339	3340
2408	1605
464	3341
3342	3343
956	3344
3345	3346
3347	3348
3349	3084
387	3350
422	733
3351	1781
3352	2222
2021	3353
3354	3355
3356	3357
1341	3358
3359	3360
3361	3362
3363	3364
3365	3366
3367	3368
3369	3370
3194	2326
1076	1878
3371	3372
3113	3373
3374	3375
3376	2392
3377	2418
3378	2967
239	3379
3380	2782
3381	1815
2764	704
3382	2076
133	1479
1745	1701
1424	3383
1156	3384
3385	3386
2689	3387
1656	2772
3306	3388
1506	3389
3390	829
3391	3392
2023	1819
3393	3394
3395	505
855	2253
3396	3397
7	364
1864	3398
2647	3399
3400	3401
3402	3403
1863	3404
3303	3405
3406	3407
1292	1100
3408	3409
767	3410
3411	2127
3412	3413
2843	3414
48	2660
3415	2490
3416	2762
3417	2920
704	2482
80	2624
3418	3070
3312	3419
3420	3421
3422	3423
453	3424
3425	3426
3427	3428
3429	2528
377	3430
3431	3432
850	3433
3434	3435
2926	3071
3436	1843
3437	3438
1702	1750
154	1966
2501	3439
2289	3440
3441	1275
3442	3077
43	413
3443	3444
2573	3445
56	1673
1710	1516
3242	3374
3446	3207
672	12
3447	1135
3448	2049
3449	3450
3451	1593
3452	3453
3454	3455
1351	3456
2992	3037
2710	2709
3457	325
3458	3459
431	3442
3460	837
95	2879
3461	3462
3329	3082
3463	930
3074	3464
797	1415
2894	2241
3465	3466
3467	3468
881	2008
3469	2922
3470	3471
3472	3473
1634	3474
3475	2515
3476	3477
3478	3479
2844	3480
3481	3482
3483	3484
3485	3486
3487	662
3488	3001
3489	2880
1147	3490
1737	1092
3491	3492
1641	3493
2520	189
3494	3495
3496	3497
3498	3499
3500	3501
3502	3503
3504	3505
2570	3506
158	2592
3507	2199
3508	3509
2895	1404
3045	3044
3510	3511
3512	2678
3513	3514
3515	3516
2256	3517
2795	3518
3519	2219
3520	3521
3522	3523
3524	229
1742	3525
3526	558
1241	3527
3528	644
1330	3073
3467	3529
3530	3531
3532	646
3533	3534
3535	3536
3537	3538
3539	3540
3541	1775
3542	2654
1641	156
3543	3544
549	1744
3545	3546
1443	3547
3548	17
3264	3518
63	3549
1342	3358
3550	3551
3552	3553
1107	3554
2311	839
2060	3555
1162	3556
3557	3558
3559	2630
1857	3560
2260	1658
3561	3562
3454	3563
586	3355
3564	3565
3098	3566
3567	2808
826	3568
2860	1032
1906	632
521	974
3569	3570
1772	2630
3571	2955
3572	3396
3573	3574
3575	3576
723	3577
3578	2769
3579	3580
3581	3582
3583	3584
2112	2346
3585	3108
37	1212
3586	3587
234	3588
3589	3590
1690	3591
450	3592
2780	3593
3594	3595
3510	3246
3596	3597
3598	1318
2428	1160
621	3599
895	1622
3600	3601
3602	3603
1062	3604
3605	3606
3607	2664
3608	3609
3610	1796
2386	3093
70	2201
3611	28
3612	458
3613	3109
1420	3614
3615	3616
3617	3618
3025	3619
754	3620
1423	3621
1538	131
3622	3623
3624	3508
32	3625
3626	3627
493	3628
3629	1402
2572	3630
3631	1884
3632	294
1437	2685
3633	3634
3635	3636
1835	3637
3638	1132
3639	125
3640	3641
2753	2406
3642	3643
3644	2038
620	1057
3645	3646
3647	3648
3649	1293
3650	3651
765	3652
1056	2999
3627	3653
1186	3622
979	3654
3655	3656
1847	3657
1084	3658
2219	3659
1328	3660
3661	3662
3663	1208
3664	3665
3666	3667
3668	3669
422	1572
599	3670
2518	3671
3672	3673
2114	3674
2906	3675
1780	3676
795	788
3677	45
2967	3678
3679	3680
3681	3682
3683	2734
3684	3114
2060	2385
3685	3528
3686	2548
3687	3688
3689	3308
3690	3691
1740	3692
77	396
1563	826
3576	2923
3693	3694
3695	3696
2930	3697
3698	2848
1285	3699
3700	3701
3702	3703
1454	3259
3704	3633
2628	355
3705	3013
3286	3706
1597	2898
3707	3708
3709	3710
345	3711
3712	2131
3713	3714
2693	3715
3716	3717
3718	3719
512	2395
3720	1376
2955	3721
3722	3723
466	978
2431	1106
3632	1885
3724	2262
378	1875
1207	3725
3726	3727
3728	3729
1474	3730
3731	3732
647	1125
3733	542
2383	3734
3735	1509
1001	1692
3736	2317
3737	2090
3738	3739
3740	1003
3741	3742
3496	3743
2918	3744
391	1887
3745	3746
2631	3747
3748	3749
3750	3751
3752	3753
3754	3058
3755	3756
3757	2887
462	3758
3759	3760
3761	2186
1375	3762
1777	798
3763	3764
3765	3766
1654	2307
3767	3768
3134	2936
3173	3370
753	3397
3769	3770
3771	3061
3772	3773
1954	3774
3775	3776
1444	3644
1215	3777
3778	3779
3780	3100
3781	3782
3378	3783
3336	1204
3161	782
3784	3785
2541	1973
2085	3786
2473	955
821	3787
3788	1652
3789	3790
286	3791
3792	3793
3472	3794
1726	430
3795	2901
3796	1783
3797	3798
3799	3800
3403	657
3801	3802
3803	3804
3805	3806
3807	2519
3808	3809
3149	358
3810	3811
3812	3813
2855	1953
3699	3048
3618	3814
3258	3815
3816	3599
485	3817
3818	3819
3820	3821
1541	3552
3822	3823
3073	1462
2429	3806
3335	3824
3825	3826
3827	2387
3828	2070
3829	3513
3830	1502
3831	3832
1292	3649
1580	2615
3833	2468
3834	2391
3835	3836
3837	422
1525	1376
3838	3839
3840	3841
2793	3842
3843	3270
3753	3844
3845	2677
3846	3847
3049	3848
3849	2975
3850	3851
282	3828
3084	917
3852	3853
3854	3855
3856	1039
3520	3857
3858	3859
3860	3861
3862	3745
1566	3863
3864	1914
3865	2887
3866	3867
185	262
3868	3869
3870	3871
3872	2782
3873	3833
1206	3874
3875	3876
3877	3326
3878	3879
474	3880
1281	3881
3882	3883
3884	1779
985	3885
3886	3136
3685	3887
3066	194
3888	3889
2081	3890
2603	3891
3892	2918
3893	3894
3895	2037
3896	726
221	3897
3898	3899
1127	430
3900	2722
3399	3901
3902	3903
3674	3904
3191	3905
2660	1779
3906	727
3907	3222
2504	3908
2352	3909
3910	2815
3911	88
745	133
3912	3913
1428	1804
3914	2849
2334	3915
2684	3916
1187	3917
3918	806
183	3919
3920	3921
2186	777
386	3922
3643	2239
3923	3924
3925	3926
3927	3928
3929	320
2202	2821
1578	2509
242	3930
1854	3931
445	2814
3683	3932
890	2388
1552	3933
3934	3935
3936	3937
3938	3939
3940	3941
3088	3135
3942	3943
1426	1425
3944	3722
3945	1763
3228	2412
3946	3947
3948	3933
3921	3949
3950	1283
3951	3952
3953	2693
2663	3954
1627	3955
2621	84
3956	1977
3957	46
3228	3958
2773	3959
2178	3960
3961	3962
2367	1129
3298	3930
1956	3963
2014	3964
1418	3965
1069	3723
3966	1576
3967	1498
3968	2486
1567	3969
3970	2135
3971	3524
3604	3972
3872	3973
3974	3975
3976	3732
634	3977
1250	2844
2649	3978
3154	3979
3358	3720
3980	946
3981	2927
3982	3983
3984	3985
3986	3900
3987	3974
3988	3989
3990	2215
3991	3385
1882	3992
3993	174
2898	3994
3995	495
1034	3052
2017	3771
3199	3996
3389	2328
3650	3997
3323	3998
1128	106
1980	1382
1952	3999
2986	3751
4000	2800
4001	4002
3813	3166
128	3537
4003	3271
842	4004
3907	4005
495	1248
2037	3334
2361	1596
4006	2948
1390	2950
1170	4007
4008	1725
4009	3153
4010	2936
4011	1724
2290	4012
4013	4014
4015	4016
4017	344
3877	2518
4018	4019
130	4020
2445	642
1891	4021
2315	4022
2772	4023
4024	4025
4026	4027
3917	4028
4029	3157
4030	4031
4032	2547
408	482
2248	4033
4034	4035
4036	950
1878	4037
4038	4039
859	2982
1926	2034
3516	3752
3688	4040
2754	1353
4041	765
4042	4043
4044	4045
4046	655
1632	4047
4048	906
1387	2510
353	4049
4050	4051
3777	2718
2976	4052
4053	4054
4055	377
4056	4057
448	1981
144	321
4058	4059
766	4060
4061	4062
4063	3607
4064	3427
4065	2742
3944	4066
3996	4067
2273	1358
3063	4068
170	4069
4070	4071
4072	4073
4074	1616
4075	2896
389	2657
3766	4076
4077	3217
887	4078
794	4079
4080	3679
2706	4081
186	307
3277	3133
4082	4059
4083	4084
4085	4086
4087	584
4088	4089
4090	2633
4091	4092
4093	1564
2099	3975
3151	1560
3359	4094
2163	1126
4095	4096
4097	1386
201	2594
2073	4098
4099	4100
1716	4101
4102	4103
1321	2017
3011	1709
2397	4104
1271	4105
4106	3803
508	4107
3769	1048
1556	1244
4108	646
4109	4110
4111	3984
3231	3545
3505	2880
4112	4113
4114	4115
1103	3690
2172	4116
2751	4117
691	4118
4119	4120
4121	1484
4122	4123
4124	3391
3040	4125
4126	941
3324	2193
3243	4127
4128	4129
2458	2001
4130	4131
4132	4133
4134	4135
4136	4137
4138	1396
4139	3150
4140	4141
1456	3988
4142	4143
4144	3301
1958	4145
3791	4008
3960	4146
3660	4115
4147	4148
1135	4149
4150	4151
2868	2554
4152	4153
2945	4154
4155	3882
1919	4156
3735	3923
4157	4158
4159	4160
4161	4162
4163	462
3955	4164
146	1379
722	2617
2059	3376
4165	530
1857	4166
4167	1872
4168	99
4169	554
4170	4171
662	264
2702	4172
4173	2864
4174	2271
3000	1441
4175	4176
1909	4177
4178	4179
4180	4181
1827	4182
4183	3600
2240	4184
1773	2109
4185	2157
2667	4186
4187	1388
2302	3948
4188	4189
1765	4190
2536	3765
3437	427
4191	2347
160	4192
4193	22
4194	248
3959	4195
3861	4196
4197	1302
4198	4199
4200	4190
4201	4202
3413	64
3122	4203
99	4204
4205	3775
87	4036
788	4206
4207	4208
2030	3569
3348	3760
4209	4069
412	3812
4210	3831
4211	1974
4212	984
4213	403
1467	4214
312	2965
4215	3122
4216	4217
2979	4218
4219	4220
3817	1038
4221	153
2568	2913
4222	3134
400	4223
1300	3635
853	2969
364	514
157	4224
4225	2688
2254	4224
4226	4227
4228	4229
1214	4230
3126	382
4231	4232
3357	4233
4234	4235
658	4236
4237	4238
2212	3422
4239	4240
4241	4242
2595	3677
3092	3554
4243	4244
4245	4246
825	4247
2460	4187
1738	4248
197	4249
4250	3441
4251	4252
575	4253
2474	551
3056	4254
181	4255
4256	1028
4257	3754
4258	3267
2437	4259
4260	3087
4261	1959
1183	1556
103	598
4262	3378
3414	4263
2594	1728
2797	4264
2959	211
4265	1707
4266	1868
4267	2682
960	4268
1451	3709
4269	4270
3933	3503
2321	4271
4272	2767
1799	4273
4274	4275
4235	4276
4277	1343
4278	4279
4280	4281
4282	3129
4283	543
4284	4285
4286	4287
353	4288
4289	2760
3939	1940
898	699
3280	3139
4290	4291
294	3902
1769	3996
4292	604
3423	2711
952	1730
4293	4294
3006	4295
4296	4297
4298	4299
4300	4301
1791	1006
1305	2660
4230	1707
1991	4302
171	4303
1863	4304
4305	4306
3652	1182
4074	4307
4308	53
2890	4309
4310	4311
2480	4312
2874	4313
3595	4314
556	2614
1203	4315
1626	919
3911	382
797	19
4316	4317
126	3494
491	4318
4319	1784
2346	1381
4103	4320
3438	3146
4321	3330
4322	4323
4324	2671
4325	3971
4326	4327
2373	4328
1527	3605
1343	2104
1011	1220
1481	2502
784	4329
629	3063
4295	4330
2450	1750
4331	3006
4332	4333
4334	4145
1376	370
4335	4336
4337	4150
1542	2386
2869	966
344	4338
2888	4339
3987	4340
3088	4154
1366	3712
4341	2722
261	4342
4343	1278
4344	2032
4345	4346
3853	4347
1097	666
3977	4348
4180	1341
2472	1266
1802	4349
3731	572
4350	2922
647	4351
3205	4352
2719	4353
4354	4355
4356	4357
4358	4359
4360	4361
4362	4363
1288	3638
3265	2563
3847	2809
194	4364
4365	4366
3145	1236
4367	3199
4276	4368
3192	2274
2781	1700
4369	778
1524	4370
4371	4372
2106	4373
2647	2180
4374	4375
4376	1226
4377	987
1537	4282
3624	4378
2985	2787
4356	1826
3525	4379
3394	4238
4380	4381
4382	529
4383	4384
1658	2658
4331	4385
2381	1348
4386	2741
2065	4387
4388	4389
3881	4390
1412	4391
4392	2028
4393	4394
1733	1410
4395	3307
2700	4396
4261	861
4397	4398
3112	4399
4400	4401
4402	2407
4403	1568
4404	4405
4406	2314
1545	4407
4408	4409
4410	4411
589	423
3235	4412
3372	679
3498	4413
4414	1955
3095	4415
128	147
4416	737
2817	3622
2159	4417
2382	1980
1947	4418
4419	3144
4420	1033
1873	484
409	1917
3768	1282
3832	914
4421	4422
36	1148
3106	4423
4424	1315
4425	4426
4427	3636
3024	4428
4429	4430
516	4431
1613	4432
1233	4433
1962	4434
3366	4435
2983	4436
3952	712
2932	4437
4438	1766
4439	4440
4441	551
1221	4442
4443	1321
4444	4445
4446	2020
2942	4447
3587	2156
209	4448
1628	4449
1005	711
2216	4450
3252	3700
1336	4451
4452	4453
4015	4454
3940	4455
288	4456
4457	4458
3654	287
1844	1451
1099	4459
4460	792
2642	3485
299	1844
4461	3391
4462	576
4463	1234
4194	4464
1129	4465
2257	1897
4466	4467
4468	2867
1799	841
4469	3462
3827	3381
4381	1845
969	297
4470	4471
623	4472
3253	4473
4474	4074
4475	4476
4477	4478
3086	3502
4479	4024
4480	4332
4372	4481
4482	3204
1013	4483
4484	4485
4486	4487
3764	4001
258	4488
1835	4489
4490	3007
4491	1686
1984	3535
4492	4493
3723	4494
1116	4495
662	855
2528	4064
4496	4346
4497	3425
4498	4499
3639	4500
4501	976
1577	4502
809	54
3806	2738
4503	3286
4504	4505
3692	4506
4507	1586
4226	4508
3404	3616
4509	4219
4347	4510
4511	4512
522	4477
3663	4513
42	4514
4515	4516
215	1031
3608	4517
50	707
11	3394
4518	4428
1385	1998
1204	305
1968	1702
2701	4519
4520	4440
4521	233
4522	251
1696	4523
3992	4524
4525	4526
2245	4527
4528	4392
4529	4530
4531	2344
434	4532
3802	1777
4533	1620
2110	1350
4258	2668
4534	1208
4535	2183
4536	3406
567	4537
4538	753
2441	3002
4539	1841
3343	3982
4540	4541
3534	4542
4425	4543
1045	2309
1965	4544
3882	143
4545	1018
4546	4110
1380	4547
4548	4049
2493	521
4549	1111
3560	4419
2714	4550
699	3273
2947	4551
1508	4552
2439	4553
867	4121
4554	1096
4555	3843
4556	206
3170	4557
2269	3854
3931	3205
1672	4558
4559	4360
1841	3578
2281	2481
4560	2163
4561	4562
3135	3943
4563	3349
3500	2020
1396	4564
4565	3415
971	4566
2105	1534
3557	517
1757	4567
2600	1526
2705	1085
1408	4568
2203	538
4569	43
4570	578
4571	2769
541	3020
1352	1260
4572	4491
2852	4573
4574	2442
3031	4443
3201	4380
4575	4576
4577	3455
657	4578
3997	1789
4579	2120
4580	1623
4581	4582
4433	2521
3016	1150
4583	4584
2373	4134
545	117
457	1734
729	4585
260	4586
2564	3845
181	3333
864	4277
1591	408
4587	2857
1179	4588
4061	4589
2875	4590
2767	4591
4592	4593
4594	1987
593	4595
3060	3764
4596	4597
4598	4599
3628	2471
4600	4601
2810	4602
4603	4402
1427	1438
2338	4604
1329	4605
1652	3571
3765	3369
3875	3861
4606	4607
1515	1220
4608	4609
2288	2907
4318	671
438	2462
703	4610
4611	4612
4613	1112
4247	3437
514	3211
4614	4615
4616	4617
1608	4618
4181	1342
552	3632
4189	141
4619	4620
2356	1633
4621	4331
4622	350
4623	2362
223	4624
4625	4626
4627	2675
4628	4629
4630	3564
4631	4632
840	4129
4633	4634
4635	504
2683	4636
2586	1964
4241	4637
1205	885
2862	1604
2272	3702
4322	1929
4551	4638
4639	4284
615	4640
4641	3505
3969	4642
4409	209
2646	4643
4644	4623
1245	1324
4645	4646
4647	3856
4648	4649
3853	1339
4068	2934
4650	4651
4652	1242
4653	4654
4655	4656
4657	2824
4658	1934
4659	3176
4660	4661
4593	4468
4662	4663
4664	4665
1597	4666
264	1141
3880	3110
2993	4667
4668	3581
488	1122
4615	4669
88	383
1249	1718
4670	4114
4671	212
4672	4673
1560	2241
452	4674
856	1142
3704	1431
4675	4676
3169	3185
4677	3536
4678	3704
4679	4680
141	536
2327	488
3295	4681
78	650
2344	4682
4277	4683
1523	1662
4684	4187
4365	4685
1706	4374
3073	4686
1670	4687
163	1783
3189	2269
12	4688
2271	4689
1298	4032
2522	2684
3658	2040
4690	4691
3912	3472
4692	3011
4152	4693
4694	1567
3772	3128
4695	1857
2189	4696
4697	3377
398	4698
3904	1869
2171	4699
4120	4700
4481	4701
4702	3426
722	526
204	4703
3089	2249
1273	4704
1830	4705
4706	4707
4708	4709
4710	2360
2983	4711
2798	956
393	752
2870	3491
4712	4713
4714	4715
1141	2731
3749	2041
1930	4716
1865	2990
4717	1721
4718	2818
4719	4720
4721	4722
1516	2598
4650	3155
4723	4175
28	4724
1698	946
3368	4725
4726	4727
4728	517
1829	4729
1587	40
1493	4310
4730	1149
4731	4732
465	1250
2548	1234
4695	4733
4734	4735
2984	2787
1796	4736
4737	3363
4459	4447
2538	4738
4739	4045
3276	1134
4740	4163
4341	2455
4741	4742
4743	4744
2526	4745
3219	3220
4746	2182
4253	2321
4747	3707
2588	4748
3722	3344
4711	2308
4749	4750
4706	4751
4752	1645
2222	1390
3739	4635
4753	3634
4372	4754
3318	1305
311	4755
4756	4757
376	4758
2739	1522
1579	1493
4759	2203
2552	4760
66	4261
4761	3641
4762	2895
1975	1264
4763	3944
4764	2090
4765	2792
2757	4745
933	4766
654	4767
3094	2596
221	3177
4768	2354
3544	3253
4692	255
4769	4770
4162	786
4771	4772
3594	938
54	4384
246	2797
4773	4774
4775	4776
4777	4778
4590	65
4779	4719
1050	4780
3254	4781
3361	1335
2846	1968
4782	4142
2865	4783
3740	2511
4218	4784
4785	4786
4787	4788
2370	4789
1364	1769
207	146
73	4211
4790	3683
4791	3334
2998	4456
4792	4571
4793	4021
1235	4538
220	3205
4794	1329
4795	4796
4797	3724
2503	4798
4799	4800
4801	4802
4803	4087
1416	521
3565	4804
2249	1718
2504	4807
3943	2177
3168	30
4808	4809
602	1118
3947	1366
4810	4811
4544	1492
4353	2042
1874	4427
3050	3339
150	4812
2268	4813
4814	4815
2497	4591
4816	4817
4045	4818
4819	4820
3943	4821
857	4822
3120	3181
4823	2146
2896	4824
242	4825
473	444
4826	4827
4828	4829
1251	1711
4231	4830
4812	3560
369	4831
3468	4832
230	476
2065	4833
4159	2628
1805	709
4133	598
4834	4835
4836	2218
287	796
3066	4837
3669	2027
967	1825
4580	4838
3340	4839
3492	4357
68	4840
3657	1846
3703	3282
4841	188
4842	4843
2790	4844
4845	3117
191	4846
4184	1630
96	2117
4847	4848
1154	4849
3543	4521
2176	338
3732	4850
4851	4852
2464	3609
4808	4853
4854	4571
188	3874
2943	3314
1128	1068
4855	4856
1293	4229
402	4857
2592	4043
4858	4859
4860	3788
969	3912
1513	4861
4862	4863
3399	4864
4865	774
2278	740
568	4866
2402	1041
4867	4868
2964	3778
4869	4870
4826	3176
1744	4871
4872	4873
4051	1179
4015	3652
4049	1985
4874	3458
2426	4015
4875	4264
4876	1901
4244	4877
4878	4072
4713	4879
4880	3398
837	2102
4881	4882
4883	4709
2760	4884
4885	4060
1145	3540
4886	4019
4887	273
4480	2996
3630	4888
4889	4890
2461	4891
4892	1864
4697	4893
2296	2208
3186	964
1934	4894
2958	2382
4895	2860
4896	4897
4898	4325
583	4372
4303	4173
4899	158
857	4898
3685	4900
3992	868
4901	1773
2718	3000
4437	4634
4902	3673
4903	4904
2556	2421
4905	4906
4907	3064
4908	137
833	4909
4910	3337
2841	3019
4911	4051
4912	4913
3028	4645
591	4794
2533	4914
4264	3068
2708	1797
1938	368
4915	2589
1311	825
4916	3227
4917	835
2160	2680
3832	1112
1661	4918
4919	1922
4920	3789
4004	2607
2668	4921
4922	2508
1578	4923
4924	4925
197	4926
1784	4860
1280	4492
742	239
1049	2501
1476	4927
4928	4642
4929	4555
2186	1906
4930	4931
4932	1942
653	4933
4934	4935
3840	4936
4869	4937
4938	4939
4940	1816
4941	3654
583	4942
1389	2937
4943	3286
3717	3487
3245	812
4944	1785
3429	2527
4945	1340
4946	2091
1222	2752
370	4947
4772	4948
559	4949
2728	4950
4951	1850
2990	2511
3825	4952
1403	260
2481	2116
2197	4953
1815	4954
2542	4955
4956	1818
2502	477
3035	1206
1614	4702
3045	4957
800	4958
3710	1181
4959	4960
4961	4962
4502	4963
2138	4964
4965	366
3813	4966
3145	584
4967	4968
1948	4901
2193	1768
4969	358
1284	4840
592	985
3523	3720
2479	3655
1152	602
3190	4970
3207	4971
4892	4292
4347	3470
2971	1772
2316	4972
2809	1199
3501	2298
1220	2598
4636	3251
3052	1690
4973	1216
4974	4408
3320	4975
4976	4977
18	4978
4979	597
4980	3993
2242	90
4714	4981
4952	1362
3941	4982
4983	4984
4985	4986
1339	4740
4130	4987
4988	4989
4990	3526
4828	4682
3445	4212
4699	4991
2695	4992
2690	4161
1009	1008
4993	4994
4995	4996
686	481
1435	1079
3004	124
1000	597
4997	4228
1722	968
2777	4998
4999	2285
5000	2260
1601	3483
2467	2430
5001	2507
5002	1937
4931	2542
5003	3888
2543	5004
4544	2909
2307	1486
3168	1229
4002	3507
101	1695
2284	2435
5005	5006
1434	327
5007	5008
202	5009
4989	5010
3511	4053
5011	4257
1402	259
2835	5012
4440	2715
1614	1860
3118	4845
888	1538
2549	3875
5013	3745
4998	3832
1543	5014
3221	5015
1407	2197
1903	5016
2046	3584
974	935
4499	2879
5017	5018
5019	3005
4756	621
4626	3213
947	1953
61	2093
4362	4824
5020	5021
4378	5022
1616	2568
1818	5023
3503	4811
5024	5025
5026	3466
3007	3586
5027	5028
5029	5030
3169	4455
645	385
1896	5002
3971	342
4380	4385
5031	105
126	5032
1843	4157
1507	456
5033	4716
1842	3856
5034	5035
3445	5036
4735	715
5037	5038
5039	4251
328	5040
5041	5042
5043	410
3646	1448
5044	1430
2461	1389
1346	254
4236	2438
678	2374
916	5045
3865	4998
5046	716
3581	561
2682	5047
4433	3447
5048	3041
5049	1499
4532	5050
4978	268
5051	4260
5052	5053
1790	3827
3905	2273
936	3550
5054	4181
4409	5055
2924	5056
3459	2687
4451	5057
908	5058
1314	2373
5059	1848
3781	5060
4768	2884
3564	998
416	2534
5061	1457
4785	1910
2505	5062
1226	415
5063	4532
3333	453
5064	1380
1202	4315
5065	5066
3729	1178
5067	3878
4124	5068
5069	1397
5070	1555
339	5071
1191	4423
3233	809
5072	5073
889	2387
4459	5074
469	3812
5075	200
1307	4162
5076	5077
5078	548
3486	5079
1748	5080
3367	5081
280	2795
3863	1454
5082	2763
1737	5083
1888	5084
24	5085
3689	5086
89	2372
5087	5088
3955	1730
5089	5090
5040	5091
2389	5092
2252	1498
1302	4384
2415	375
1389	4692
1488	1725
2468	2469
3020	1702
2280	2480
1510	2513
1385	5093
5094	1710
5095	101
5043	3280
543	5096
618	1915
5097	770
4086	3722
1403	4907
4778	3713
2293	5098
929	5099
3123	1943
4752	5100
591	4457
3730	614
4428	5095
587	3968
5101	4679
439	2175
3285	5102
2809	1422
1369	1525
3724	2970
2137	3711
5103	780
5104	2048
5105	2613
3039	890
5106	4581
244	4713
3138	5107
5108	3476
5109	5110
5111	2881
5112	1104
4744	4728
4833	286
2771	3726
2100	5113
5114	37
2301	5115
5116	4771
5117	3486
4338	5118
410	5119
1671	5120
3548	67
735	5121
3837	4275
5122	5123
5124	5125
2459	2709
5126	5127
996	5128
4834	1891
4607	701
5129	3248
1961	3396
5130	5131
606	4406
4279	5132
1010	1515
5133	5134
1837	3185
4315	5135
938	5136
5137	1402
4678	5138
5139	5140
3785	3140
4348	2381
4005	3623
3936	4476
5141	5142
3927	5143
1778	1759
4954	5002
4461	5144
2236	1272
2209	322
5145	5146
1496	5147
4876	4533
5148	463
3848	5149
5150	449
5151	5152
2599	5153
4669	5154
1813	2632
4038	5155
2558	5156
5157	2826
3574	2389
5158	3337
652	1998
5159	1657
3349	4344
3652	4144
5160	5161
4009	1165
5162	1445
4988	5163
2721	5164
3539	5165
1066	5166
783	1613
2838	5167
3692	5168
1553	5169
1442	133
5170	1870
4939	5009
1371	2479
5171	3402
1944	5172
2398	2525
519	5173
4286	5174
734	5084
643	418
5175	5050
3982	5176
4454	5177
4216	3807
1547	5178
4448	4583
117	2980
4444	1989
3820	4195
4399	5179
5180	5181
5108	5182
5183	2872
3184	2663
4129	5184
3743	5185
5186	3707
5187	5188
524	4337
4027	2998
5189	5190
3105	1357
3551	2154
5191	3594
5192	5193
3428	3731
1659	2911
5194	5195
4717	3637
666	1830
316	3899
3012	5196
4495	5197
2515	3830
5198	3629
384	5199
5200	5201
5202	4701
5203	3270
5204	5205
1719	3995
686	298
4234	3431
436	1345
5206	5207
2296	3662
1596	1246
2364	5208
4963	3431
3124	3053
1867	309
3511	2925
4980	2347
5209	5210
143	5211
5212	1473
4927	4600
2723	5213
5214	5215
1568	4421
5216	147
2696	5217
2801	5218
4688	5219
4132	4462
5220	4083
1750	3799
1678	5221
3930	4616
5222	5223
4326	4991
5076	4857
4828	4768
5224	5225
2195	2535
4879	2799
5061	1457
2890	5226
5227	5142
2051	2291
1820	1462
120	5115
3574	5228
4314	3735
5229	1005
91	5230
363	653
3867	5231
3592	2366
1929	5232
3525	5233
3762	5234
2703	2930
3521	5235
5236	2280
5237	4588
1246	5238
2249	3611
4447	2150
2433	2569
5239	3190
5240	5241
5242	2534
3631	5243
4636	5244
5245	5246
5247	256
2654	2736
5248	1046
4494	5249
3273	910
2282	3598
278	553
5250	2080
5251	5252
5253	3557
2559	5254
3253	233
5255	509
2688	3459
4489	5256
5257	5258
3433	5259
5260	2454
5261	5262
1579	5058
92	5263
5264	5265
2233	5266
3447	5267
5268	4722
4423	2578
267	5269
5270	5271
2503	459
396	650
5272	512
2120	4282
1518	5091
1765	4391
5273	5274
4229	5275
5276	2026
1340	4847
503	1856
4692	4891
5277	5278
5279	5280
1339	5281
4701	5282
5283	2920
5284	5285
4137	4546
3002	2156
4178	5286
4214	5287
3922	3350
3647	3648
5192	3361
3300	735
5288	3123
5188	5187
5289	2492
4699	5290
4937	1855
442	4917
3107	5291
5292	3685
5293	5294
5295	2828
3818	5296
1370	5297
3310	5298
4996	5299
5300	5301
5302	5303
523	5304
5305	5306
1943	2160
5307	1254
2009	1241
1949	1789
2036	5308
4576	5309
4048	5284
4468	5310
1763	5311
5312	5313
5314	2140
4153	3733
1886	5315
1839	5316
5317	1204
5318	5319
121	2190
1626	5320
1040	2867
3643	2951
2847	5321
673	4032
4626	4424
2401	5322
2835	3104
4679	5268
5323	2974
2776	3865
142	1999
3380	4563
2149	5324
5325	4023
2609	1693
1253	2405
3751	5326
4121	4221
1140	3067
5327	5328
5329	4862
3808	4038
5097	5330
5331	5332
3295	5333
4033	3487
1826	3666
2049	1146
4911	4507
5334	5335
1421	5202
3578	5336
3815	3210
3093	2306
5337	5338
1383	1083
1142	2400
5339	5340
2566	227
46	5341
3998	4867
5342	581
5343	5344
1714	5345
2737	3237
5346	2897
5347	5010
2089	2590
3582	5228
2095	4215
5348	1608
4484	5349
3061	3552
5350	5351
734	5352
2953	2065
5353	1867
1993	1455
5354	713
4574	988
2788	5355
1193	5257
1681	5356
554	4665
4150	5212
5077	1552
4224	5357
5358	5158
5359	5360
5057	5361
5086	463
5362	1513
3315	3209
3628	4414
4969	1222
1985	5363
5052	5364
360	5365
5366	397
3989	75
437	1011
5367	3833
4156	5007
2391	5368
5066	5369
5370	2015
4944	4100
3488	5371
1003	5372
5373	5374
3106	3642
585	4579
379	4684
4242	5375
5376	5377
3401	2013
4471	5378
5379	3532
2749	1732
5380	513
5381	5382
1726	510
300	299
5383	2110
5384	203
680	4126
3719	4132
3337	3369
5385	1634
4020	3899
604	760
4198	2823
2478	3655
5386	5387
1266	2798
5388	1527
5096	2443
5389	3691
4655	2244
3893	3170
2348	5390
5391	718
3897	5392
5393	4619
4330	2342
2506	5394
5054	936
5395	3092
2546	3927
1502	313
3030	5396
5397	719
5398	372
3935	5095
1217	5399
2868	3684
5400	138
1123	3104
5348	5401
4093	1746
4083	2251
5402	200
2672	3922
5403	2402
1689	1688
5404	907
782	5405
4289	5406
5407	2633
3909	3284
5408	2739
1171	151
5409	1611
3691	3145
1897	472
2200	1440
1740	1108
5410	2749
4407	340
5411	4004
5412	4511
1367	1511
1837	478
1811	3293
5114	5413
2908	5414
3879	5415
452	5416
5417	3987
803	5418
1590	4095
2606	1655
2091	5419
2947	4429
5420	3498
3757	5421
1571	1570
2743	5422
5423	5424
5425	1899
359	1326
5426	5427
5428	883
1360	5429
4019	588
4071	5251
5172	2084
3553	1720
336	5430
5431	3543
5432	1303
5433	2565
5336	5434
1533	5049
3826	5435
1593	5225
737	5436
5437	5438
5439	5440
3535	5441
5442	5443
1766	5444
1806	4210
2079	1468
4030	2695
1159	525
947	1948
1701	4201
10	5445
5446	3844
1875	4892
2956	2994
3949	5110
5447	5448
5093	1751
2223	215
3202	5099
2310	5183
5449	5450
4572	749
5017	4865
4324	4949
5451	1722
444	668
1570	5452
4302	5453
3067	4036
4078	5454
3962	4597
4804	4653
579	389
5455	5456
5457	5458
2291	2029
3526	4324
5459	3706
72	2242
1627	5460
2850	2266
4307	5461
5462	2560
5463	4441
5464	3640
162	5465
3545	5466
3901	5467
325	4219
4089	5468
3979	3034
5312	111
4504	4030
5469	5470
1059	5471
5472	5104
2945	2988
4906	5473
3773	4980
1749	4420
4164	5474
1267	3589
3331	2113
1247	1827
4958	4046
1613	5475
5220	5476
5477	3460
5478	3406
3976	5479
4186	5480
5481	2576
5482	888
2755	3852
3941	5483
5484	4522
1115	1475
1377	5320
5485	5449
3304	1444
3554	3060
314	2500
313	5080
3471	3801
5280	1375
144	1270
2597	3725
2741	2871
5265	4152
5486	3306
3194	5487
5488	4148
2656	1669
1078	5031
5489	1429
5490	747
3051	2572
5491	5205
3182	3201
4720	313
3585	1512
2471	2063
5492	5493
5178	2059
4265	5494
786	5495
3659	1773
723	1412
40	1297
4940	5496
819	5497
4727	1004
1283	3548
3455	3753
3368	5498
5352	468
5208	341
1120	5499
4137	4109
5500	5271
5501	1712
2576	5502
5503	1074
4022	5504
4398	5505
2799	4348
2490	5327
732	5506
5151	5507
5510	4134
1032	5061
996	5511
1181	2357
4065	2085
2495	5403
5512	5214
1920	3942
5513	5514
5515	4907
897	5516
5517	4983
5518	5519
233	3925
3959	3053
5265	5520
107	5220
5521	3826
1330	2865
1355	3302
2367	4155
594	5522
5523	1597
5524	3085
716	5078
5525	5526
5308	4018
5527	3513
3075	5528
4670	4520
667	4997
3560	648
2757	5529
758	1279
5254	1680
5530	5066
149	502
3660	3867
4145	4896
501	5531
4117	5532
5030	5533
5343	5534
3248	2789
4500	2214
355	5535
4658	5536
1432	4042
1853	5537
3644	4785
5538	5539
236	5540
5541	808
5542	2519
2859	5365
1807	5543
5544	637
5545	5546
916	1574
617	4516
2406	5547
2348	1618
5548	2998
5300	5549
4725	5550
5551	4876
1941	5525
2149	656
1091	2551
3787	5552
5553	4050
1229	3868
5160	5346
5554	4988
5486	4130
5555	5430
5556	4074
3828	3667
1055	5557
5558	3970
2462	4274
5559	831
5560	4791
5561	4272
5322	1042
5562	4097
5563	706
1140	2039
3396	5564
2034	5273
893	5565
5566	5567
929	5568
914	2385
1503	314
1986	29
5569	5570
4312	3352
5571	1297
237	4549
1032	5572
1161	5573
3783	5574
2523	1021
5575	3771
4541	1406
5576	35
5577	5578
489	823
5080	69
2731	220
5579	4540
5580	1832
1820	1898
3850	5581
1695	5582
448	1156
1501	2634
3490	3094
5565	3395
2902	1251
980	287
5567	600
4451	2494
3645	3256
4418	3603
5583	3078
5584	2829
4989	4773
291	5585
2547	4097
5586	2992
4087	121
5036	4376
5587	1848
456	3575
5271	5187
539	5588
3653	5589
4190	5409
3341	5590
2963	5591
4567	5592
5334	3693
1075	5322
5547	4969
693	5593
5594	4978
5595	5596
5597	5598
3695	1964
2136	5599
3076	4410
5539	5017
4297	3336
3313	5600
404	109
5601	1015
4656	5602
5084	5352
4344	917
5603	5604
4857	1552
3570	5605
124	5606
5607	33
2956	5608
4730	846
1433	1893
805	1471
5609	2533
65	1577
5219	1564
4500	3494
4328	1093
4923	1922
5610	5510
3506	5611
2821	3918
4514	1795
4449	2484
4455	2305
3017	1913
1138	1355
4982	360
5157	2825
5612	4536
4823	4113
5613	5544
1347	2812
935	3090
5614	5065
5615	2268
787	5616
2118	5617
5618	5619
5	5207
1211	5620
5621	3649
3439	5622
2570	2308
1694	2175
1576	5623
4063	362
14	5624
2793	886
1053	4864
4640	1565
5625	1397
561	1625
1594	3433
2698	5626
2359	5397
5386	239
3642	2121
5627	4111
5276	1570
5628	5629
5630	4029
2265	5631
1999	3907
5632	837
5633	5634
5635	3703
5636	5637
3621	531
2430	2150
5638	5639
4909	5597
1111	291
4859	5640
5641	2413
2485	2985
2673	5642
4926	5643
2857	3056
285	5531
2072	3243
651	908
3528	5644
2989	279
4448	5221
862	2282
5503	5469
3369	4076
5645	5646
4054	1481
5647	5648
2230	1185
5649	4741
1803	4714
5340	1638
5650	5651
3679	4343
275	5652
2637	5653
4117	5654
1678	2516
2028	5655
5656	4710
2161	4771
5657	2550
4598	4466
5658	1984
4607	3136
5659	3823
4060	5660
4041	568
2961	4201
1155	2478
4523	5661
5555	3971
3204	3763
5662	5663
4154	1920
5026	5664
5665	3739
892	3581
2873	3644
5262	4632
995	4833
4153	5666
2644	5667
4748	2921
5021	1924
1184	5668
933	5116
5543	4725
4608	5669
5670	5076
5671	5672
4025	1767
4338	5673
5674	3665
1912	5657
5675	3919
4427	5037
3379	3318
2946	4856
3930	4617
1026	5676
2706	5677
3527	2703
548	3233
2444	5678
3571	4984
5679	5680
359	5681
5246	250
4002	3078
3555	4794
5682	4192
4521	673
2716	853
750	395
5619	3310
5683	5684
2043	5415
5685	5685
4839	5686
3729	5687
5688	5689
5690	5325
2156	1242
4663	5151
4302	2080
1768	2701
1108	1258
5691	5380
5692	3482
5361	1074
912	3208
3466	4905
5030	403
3377	5693
5091	328
2048	5024
1199	5694
4965	5695
2553	4544
5696	3755
4052	5697
4738	5698
5226	5277
1599	5699
156	3864
322	5700
1558	2220
1918	2932
4839	5701
1529	241
3091	1107
2465	5702
5703	3011
2044	4985
2024	5704
3266	2659
115	2658
3706	5705
1485	1965
264	856
2113	5706
3172	4147
5707	3627
2140	5708
5339	944
738	4660
639	5709
4395	5710
2951	1785
3937	2225
2785	3950
1131	4756
5711	1984
5563	4271
2009	5712
2748	5713
2539	1256
349	5714
3864	2838
4742	5715
2366	741
5716	5717
5718	1691
4023	3124
405	5719
1930	5145
5720	1749
2587	5721
5722	3825
5684	5534
1318	5723
2147	5724
2994	5098
5725	2022
5726	5727
5728	2824
584	750
4483	5729
5703	3811
5021	2009
4865	4850
3758	2330
2634	4395
5730	3325
2332	5731
3859	5732
2239	5733
5734	713
5735	263
1478	5736
5737	2499
2130	5738
3457	558
266	2194
5739	182
455	5726
5740	1571
2526	4474
3008	1665
2382	2111
5741	2464
284	5742
5743	4165
5744	4823
3669	4528
4884	411
2655	2245
854	2969
5745	5524
4928	5746
5747	1664
5748	2733
5749	5750
1522	2919
1669	1417
907	1963
3031	772
1401	1603
5477	5751
1904	5752
1257	1729
5753	2054
3388	5754
410	5381
4351	2621
2270	5309
5755	4462
74	5756
4345	4723
5757	5758
1703	122
64	1281
2408	5759
5760	4826
3654	5761
2199	1449
2817	4005
1680	2460
788	2904
4620	5762
4005	3015
1959	1419
5763	297
5325	5088
3479	5411
5764	390
763	5765
1202	5135
2822	5766
5767	3937
2190	585
5153	5034
3307	3689
454	5768
2940	5759
1264	5769
1440	79
564	13
4836	3519
4450	2438
5051	2945
3346	1683
1471	5299
1939	5770
573	5011
5541	5771
990	5772
5773	2750
5774	5775
1509	3924
5647	4297
5238	3274
3667	2432
4243	5170
1473	5745
5282	2362
462	2010
5776	3024
1623	1814
5777	4424
1222	2096
1063	5189
5778	986
5779	5318
5780	2622
3616	5367
5781	2574
2286	5782
2213	4138
4526	5078
847	2327
5332	3959
3080	5783
1069	107
660	5784
5785	2551
4528	4565
1345	2655
1644	2690
4720	1748
119	1791
5201	4611
4961	4778
789	5786
4616	5787
4530	2210
3629	5788
4196	5789
3330	5139
2241	4198
865	5745
3054	4761
5519	523
5790	5674
5577	4580
3274	5791
109	3863
4332	643
3661	5792
2627	5793
5794	5795
3442	4825
135	5260
3032	3997
4607	2673
1409	3625
4851	1757
5775	5796
5585	5797
4366	4959
2910	1078
5798	278
5032	4583
5799	2820
661	4033
482	2486
5800	1363
3431	3438
5801	3381
4036	5802
3271	3155
4566	3941
1358	312
2540	5803
5804	5805
5434	4300
3633	4042
4267	3980
1184	2407
2721	674
4825	1629
57	1536
5806	4552
3140	3957
5807	3429
5808	866
2497	3900
3177	59
5298	1698
1779	4782
5809	3719
5810	2882
5435	5811
3524	343
4081	5097
503	4695
1071	2174
5812	3021
1752	2292
3958	5343
5568	3716
5674	2941
4316	5777
1374	5813
535	5814
874	3120
4473	1575
669	5815
988	4941
5816	4226
5817	351
5244	3250
3438	2891
2121	3643
2305	1842
5818	4810
1635	5481
5819	2475
3372	5820
5821	5822
5511	3759
2064	4310
1996	5823
2229	175
5659	5824
3489	5102
5825	2683
4092	2181
5366	4102
1118	1296
844	5039
1762	7
1499	4106
1728	5826
2610	3036
3068	5801
219	1488
3291	5827
5574	5828
5458	3158
5829	4119
5830	5831
5256	3645
3210	17
5832	4347
3716	1058
5223	2794
4844	5754
5066	800
1323	4056
1746	4528
5356	4891
2599	3596
5708	1287
5833	5834
4351	1500
1192	2577
4549	4013
5835	1715
5536	857
2949	1758
2165	5003
5836	3061
420	390
2676	190
4802	844
5837	5838
1405	3960
5839	5376
3267	5840
3636	214
3077	1171
5593	3530
1988	4180
5361	5403
2431	3606
4450	5841
890	2337
1978	5260
2040	5842
1272	5843
813	756
759	4139
5034	3687
3878	5844
5576	5845
2853	4566
1890	3007
698	4383
5699	5846
4461	5847
943	5848
2349	5849
4817	656
747	4470
5686	2030
5121	5850
5851	4570
4991	5852
665	73
379	4892
2803	3156
3013	3880
5853	3371
349	4319
5093	3907
2350	4048
481	1320
5854	2216
5855	4388
5465	2906
829	1903
3158	5350
2692	1464
3208	4108
4815	5302
5856	5857
3917	5825
4253	555
785	4425
4529	5858
5783	5859
5301	5860
5861	3939
3814	1474
5552	607
5141	5227
5862	4405
5863	1794
5846	5864
4635	3395
3960	2875
4063	5865
2097	911
5291	1323
3475	4779
2363	5866
3534	2876
5867	982
5123	4140
122	5868
4419	5808
3589	3546
3996	5869
5257	1137
2863	5870
5112	873
1633	5465
2933	2527
5871	5454
5872	2590
5873	231
5874	5875
2412	828
1018	5876
3453	5276
5877	1390
5878	5809
3344	4494
5879	3980
5880	2410
5881	4939
5882	368
4114	4439
4909	5883
5884	445
5311	5885
4011	2423
502	150
1562	826
5706	2414
631	3808
5423	4554
4476	5470
3188	3299
3556	1787
2558	2284
416	5886
5229	3951
2798	4086
904	4715
3065	5323
4661	2603
1035	3858
5887	5888
4620	5889
5694	3757
5890	2758
5891	1542
2315	2625
467	690
5476	4084
320	2692
5892	4633
4078	1503
4574	4280
189	5893
2410	2318
3975	880
5894	5619
4666	5895
5319	5896
5897	5898
5899	2958
1265	5799
4642	5900
5901	5902
5426	5101
3951	1392
4075	2949
5903	5904
2181	3650
2370	2523
2858	3215
4545	3162
5905	5906
5907	5069
5392	5760
5322	5227
1839	1262
3802	5908
5365	5909
1322	5910
3984	5911
3186	2305
4757	1871
2968	622
5912	912
4634	4064
4604	4468
5320	1378
3714	4606
5201	5577
1360	2424
4432	2740
3926	3050
1178	5913
1860	4497
5531	219
4561	2018
5914	5297
5915	4397
1831	2697
810	2957
1269	1157
3619	1327
5421	4339
3263	1944
603	2489
5675	4040
2187	3377
5761	4026
5916	1825
3166	5917
4240	5109
2467	5918
1151	5919
5083	851
1602	5642
5261	5262
5102	5920
473	536
871	5457
3665	5631
5039	4278
5921	4620
5922	612
5923	3968
5924	1595
3479	1895
5925	1817
4948	2004
1230	5059
4597	5926
986	2185
3809	492
5607	2608
3869	2870
2989	356
5927	4071
4592	2499
1011	4274
5928	5929
1028	3287
941	3561
2624	685
5930	5931
5355	518
3077	5932
5933	4009
5715	5934
428	2916
3954	1956
5935	5659
2826	5936
5937	5938
3862	5596
140	1193
5939	5749
4352	5212
3897	5398
5940	1954
1822	5407
3749	5068
260	5323
5709	1098
2514	5941
1940	2760
2388	4940
2866	5781
5290	4326
1172	2420
743	1731
1100	5942
3702	5241
2691	5943
183	5675
1462	3877
2335	2046
115	2259
4211	3013
3302	515
2952	5374
3239	851
5944	3608
4454	4144
5284	3509
4916	2324
5945	5946
3029	5821
1777	441
3780	3101
3762	1646
1218	5947
5948	2024
5949	2953
2086	5950
5951	5952
4292	1865
1600	5953
2237	5305
5954	5955
4131	2789
5956	182
1826	5957
5958	5959
5231	5438
2295	177
4898	4822
4923	5690
5960	1476
5961	4486
5962	4473
330	3567
4583	1748
302	2792
5128	3835
1289	5963
5964	4810
5965	5966
5967	1325
764	3798
430	106
852	5968
3502	3948
5382	919
2973	4126
5088	5969
668	253
3381	4940
4708	2935
4370	5970
5971	494
4452	5903
5972	5973
3090	3611
4402	5185
3696	2712
3288	289
5974	5348
4492	3520
5583	4001
5720	3495
5975	5976
5977	5978
5979	2422
407	5804
2901	4874
4852	1265
4623	2626
3321	4393
110	1831
3853	4887
5149	3695
1411	3119
3561	210
1781	5500
1699	4836
2491	3135
5980	4678
5981	5392
5982	5983
1865	760
5984	4446
105	5773
2774	5985
3962	4099
5944	4726
3761	776
5585	5986
5987	381
3317	2376
5050	5988
1006	5447
5989	1322
3829	2429
3836	5654
104	3913
1185	5722
4523	1210
2905	5967
5247	3268
1847	5848
5990	1265
3711	5456
1461	3908
5991	586
168	2862
1490	5992
5628	1464
2452	2451
5993	5739
4151	5994
5980	5995
5494	5127
1540	3578
3	5991
2510	5996
5024	1817
2174	4460
5009	4469
2555	5997
3315	5998
3711	5055
2059	5106
3838	2142
1205	4886
2972	1596
946	1699
557	4846
3569	5189
934	3089
1468	5999
4824	6000
5182	2413
6001	6002
6003	2496
3132	2940
5221	2517
658	6004
1747	602
6005	3544
1512	4969
263	1812
4667	5198
3441	1344
5328	1203
6006	2419
1539	5124
6007	2786
5200	4243
4782	5265
493	3954
3587	4652
246	4091
1211	5013
5313	6008
1057	1554
6009	2904
2240	5610
2184	593
5259	6010
6011	3914
3579	3580
3310	6012
6013	6014
4691	26
5834	2390
6015	1386
5569	5105
4385	1845
6016	1897
1694	337
3293	3376
4330	847
4376	333
3580	2229
5450	5817
2518	668
3222	1557
4390	6017
6018	1247
6019	3454
4022	304
4791	932
3482	2247
2088	6020
6021	2220
5022	6022
5010	6023
1419	4235
1278	5937
5060	1711
5966	5641
4864	2180
2697	6024
1452	2309
3788	6025
3215	6026
3673	5553
1331	2051
5142	2316
6027	6028
5239	1103
4100	3772
4591	331
1870	1381
6029	6030
4268	6031
6032	5130
199	1387
865	5830
4780	6033
6034	4210
6035	350
4552	4787
6030	6036
821	607
5991	6037
3822	724
5502	3028
5060	6038
332	1095
956	426
516	405
169	3647
4642	6039
4207	5251
5520	6001
6040	5797
3568	427
4527	4649
1438	5192
4110	4570
4783	5781
3236	5248
269	2728
4882	5824
651	1191
6041	3989
6042	6043
596	3323
1797	2445
2158	4068
4396	6044
4777	6045
1176	1704
5629	6046
3603	2376
4273	2606
6047	3010
6048	2848
1263	4169
6049	4749
5055	1678
4221	78
6050	4420
1836	789
3404	4800
2340	3200
5098	595
5574	271
4889	3524
6051	4841
341	5598
6052	6053
1459	3748
5679	2946
5086	6054
3355	2612
2943	5561
4710	6055
2951	1224
5139	2114
2632	3241
3547	5971
5600	2443
187	3365
2815	3005
6056	6057
3111	2641
2545	6058
3671	253
1795	2699
4103	3238
6059	579
2420	4728
4615	3969
4840	1882
6060	1235
6061	5094
1466	6062
3879	2043
4056	5867
1500	6063
6064	5282
5298	1901
5892	5474
3066	3008
2910	2953
6065	5273
3611	1719
6066	2126
5870	3621
322	5122
4257	3058
5371	3512
5865	1252
823	1562
6067	2426
6068	337
5107	2311
4092	4875
4958	6069
1049	5094
2881	4367
6070	620
1153	2783
4060	1183
2576	6071
1711	2841
6072	357
4139	532
5870	530
5733	1223
5221	4584
2779	5153
1926	1905
6073	2363
6074	220
4200	474
2235	947
1237	77
3300	6075
5340	944
755	5226
1409	3625
347	3211
4416	6076
1327	2596
6077	4858
13	6078
2759	3401
5933	2580
5786	859
1871	6079
4444	3380
5829	6080
5746	5900
3584	6081
2439	5434
1095	5426
4611	2889
4860	6082
5430	2357
6083	5673
3374	3408
2678	2370
6084	3335
3790	6085
2509	5690
581	4080
4584	4720
3350	5242
6086	6087
6088	1122
6089	1880
308	1490
2564	2676
1917	491
6090	808
5923	1592
85	6091
3001	6092
5228	1626
5978	348
5567	6093
2340	3182
3275	3275
6094	3003
2699	4061
6095	6096
6097	2127
4458	6098
5826	522
3057	6099
2577	6100
3676	4521
6081	4625
2802	1810
632	3809
4763	1068
2886	1437
4285	2583
6101	45
1007	4122
3926	4795
6102	6103
5133	6104
759	4671
6105	1739
6106	1935
3183	6107
4869	6108
6109	5101
2679	5639
5568	1058
2067	4216
1590	6110
5197	2846
3370	2422
6111	4752
6112	2636
6113	4278
6114	6115
3851	6116
2173	6117
6118	5300
3232	3035
4934	4545
931	1466
4106	6119
4176	3219
4069	965
4486	1866
174	1864
3563	3515
429	4702
3473	2170
6120	1765
2179	6121
6122	1819
2469	3873
1762	3070
5070	4635
4696	3354
6123	2102
6124	5287
2866	2573
1388	419
4666	6125
5006	3542
5867	4240
6126	5246
6127	2543
2132	2331
6087	6128
5629	6129
2725	5410
5550	1896
1425	1913
82	3822
6130	33
1741	6096
779	4146
4012	2237
3271	5586
5616	4717
4418	2355
382	1313
2117	5423
2680	2397
4524	4959
4465	6131
251	2944
411	6132
2888	4613
5689	447
6133	6134
542	6135
949	4919
365	457
6136	4062
6137	3468
2870	4356
1097	667
4250	435
1243	2729
30	2063
1855	3470
1664	6138
6139	6140
1961	6141
4873	6142
4814	119
1251	2796
4687	3718
5398	4608
1449	80
6143	5656
961	6066
2385	5222
4343	6144
6145	4576
6146	1081
1024	6077
5330	305
4050	6147
3120	171
1015	2943
1608	2928
1966	1579
2207	5910
3430	6148
161	1162
1280	2015
4727	6149
5738	2555
4389	6150
2414	4879
4672	3371
4632	4335
5634	1116
1946	6151
6152	6153
533	1559
6154	4493
4039	2464
2595	6101
4143	1587
6155	6156
2039	4786
6157	5760
6017	2116
1712	541
2893	5307
966	4356
4233	1027
6158	2740
4179	2104
2893	5307
3053	5464
5929	6159
6160	4777
6161	1281
579	3089
3043	6162
4149	3945
3111	6163
2404	3617
5467	2700
5218	2725
4206	1879
4432	2022
6164	2850
3577	1764
6165	397
5193	5052
3696	3848
3546	85
3016	5460
2134	3324
5354	2246
6166	257
6167	5358
3002	486
2872	2038
6168	3304
3933	1215
3209	6169
6170	5447
4212	2656
6171	1723
5751	6172
4597	3272
2335	6173
2856	2489
4333	6174
2377	2773
6175	6176
6177	335
1822	6178
84	1169
6022	2259
6179	5535
3665	629
5430	4889
5381	1625
6180	6181
2923	1154
3355	5923
1764	5756
2069	4139
4496	6182
6183	5310
645	6184
5080	5603
5593	4322
6185	54
4537	943
6186	4911
4555	6187
1456	6041
6188	1244
94	4498
531	3624
1550	6189
1413	2212
3460	6190
3179	6191
3852	5832
2911	2036
4804	6192
527	2872
5598	5041
3131	6193
2267	6194
5464	4761
5277	2738
2911	4886
2517	3276
2409	5829
6071	4646
449	6195
2137	4409
4894	4561
318	3015
6196	6197
1349	6198
5177	5083
4026	6199
2125	4743
4543	1969
4455	4982
4570	2355
4857	2302
4195	5464
1889	3082
3022	5439
4762	869
5590	3775
6087	6055
6200	2381
380	2191
1789	889
2937	5247
6201	2807
6202	494
6203	3686
1874	1299
633	3977
323	3761
4704	2152
6204	3098
4391	6205
4052	6206
2130	3516
1689	6068
2613	6207
6014	2210
5373	5677
1679	4080
1040	2553
6208	4820
2857	5329
1601	6209
284	5977
2726	4497
3509	81
3974	2099
1381	6210
6211	3915
5279	3179
866	1237
5476	1171
3025	328
398	53
5113	5427
2466	6212
674	2881
5896	3769
6049	4749
6213	412
3625	6214
419	3268
2751	2531
6215	3314
2672	1225
3856	1484
6216	6217
6218	5350
1712	3019
2591	4484
4188	5172
1231	528
4765	5446
3250	6219
6220	3572
5969	4872
5492	5242
5726	3575
3420	4477
3140	6221
4465	6222
4263	6223
2205	480
5904	3416
5808	6224
2791	3044
3220	4938
1751	1558
6225	5330
6226	4251
4163	3758
3202	4170
6227	5070
6079	6228
153	1965
4348	6229
5570	3981
5545	3950
3196	6230
5292	4485
3047	2269
5261	4915
1756	3795
5099	5655
6231	35
4682	2354
4657	4630
1665	4772
3676	1587
4233	6232
5429	3457
180	6233
6234	2692
5895	5551
4600	3043
20	5826
6235	5895
6236	6237
4644	4754
872	241
3316	820
3627	1193
5100	4919
5283	3196
2612	407
3065	4897
1731	693
1310	1341
6238	3448
1870	4284
4293	5967
706	5569
5697	5865
2151	3367
4327	5339
6239	2207
5570	1607
827	5607
4214	5928
2365	4471
3605	5395
4507	4438
6240	4421
2840	3252
919	1442
4383	4178
5154	4928
6100	4944
1228	2822
4653	5051
90	6241
6242	3519
4123	6243
225	3229
3211	6244
6103	5149
6181	1295
2849	3834
2901	6245
529	6148
5564	4466
4471	5873
1239	1084
150	1837
3139	6101
4740	5281
1716	6074
6246	2358
2670	6247
31	5038
1595	6248
4516	5031
2105	5830
5310	1076
3901	1052
361	4647
14	6249
3821	1070
3957	6106
2476	6250
5866	3849
1609	5541
1250	2843
3603	1414
1883	4762
5662	3299
6251	6252
1344	1276
4872	3756
2928	2581
1950	889
2047	6081
390	948
2310	1871
4773	999
4703	6073
2889	4612
2883	4156
2399	221
4115	5231
5817	6253
244	1262
2115	4814
3079	3776
3998	5003
3756	3847
6254	6255
3108	3149
1555	5782
2674	4627
6256	4465
6257	5368
6020	3840
5311	4262
6258	2591
4660	4661
3961	4596
2625	1320
1476	1413
495	2715
3474	6259
6042	3914
984	1669
4396	4656
227	6260
4113	5724
5379	911
762	5914
3609	6261
5290	6175
5856	4731
6262	5560
4579	1537
1122	2834
466	2007
4783	3877
2883	3263
5058	6100
6263	1917
6264	563
76	6140
5169	5804
1696	6265
6041	1243
4166	4419
2988	1919
1564	4246
824	2505
6266	3817
6267	5011
5983	1159
846	3194
650	3106
877	6268
6269	6270
6271	6272
4744	5482
3038	6204
6033	5884
4119	1805
894	6273
4161	2172
6274	4848
3038	5502
2649	2433
6275	6276
940	6277
4334	5515
3476	6155
5425	6278
2129	4407
4315	5568
2084	141
980	4136
2813	6279
3670	2232
5356	3770
2166	4065
2780	5034
3435	3780
6280	744
4336	3380
4157	3246
6281	2770
5721	41
6282	2892
3039	3741
5470	3079
3776	2530
6096	6283
5764	2463
6284	6285
5646	32
6286	2698
1723	160
6287	767
6150	4930
6288	4244
4811	1931
6289	4334
6290	845
1096	666
6291	3237
5500	3792
854	6292
3095	6293
2323	6294
4230	4265
518	1446
3427	3731
5212	1472
6295	6296
5482	592
2552	2120
5732	461
4174	2652
2356	6059
3869	2094
4487	4606
2093	3382
3858	605
6297	816
2971	6298
5042	780
6299	5400
6300	1855
2166	4663
207	3927
1739	6301
5773	5511
6214	5038
1190	1307
2143	5743
226	362
5815	1257
4959	762
4729	1064
2421	301
3821	5249
3674	810
839	4861
1551	6302
1947	3602
1142	2399
4709	6303
638	4829
6033	3224
2852	6066
5769	6304
326	387
4509	1094
3462	3862
1811	315
4688	4093
6305	2645
256	437
2761	6306
3486	6307
6308	6309
5218	3963
4700	2318
5094	3738
6310	3763
3870	5203
4502	4380
24	1705
6311	310
2954	1732
131	2060
4840	2894
6312	3305
1072	6313
1973	1475
5655	928
5677	957
5297	3200
1188	6314
5015	1557
3313	6315
6316	6246
6317	5107
447	144
2746	6161
2334	6298
6017	96
3659	6318
4079	3637
6319	2089
1179	4985
5759	6320
5068	6321
2136	764
5357	1930
4719	1502
2715	6322
4333	5387
2907	6323
6324	5096
925	6014
1537	3911
3395	950
6305	3490
3133	3475
6325	5193
1902	4389
316	1436
5321	122
2230	6052
4532	3935
1679	6326
4882	725
5210	5279
6101	3957
1404	4199
1157	4775
5552	6327
3225	6328
6329	4395
3093	5657
6330	2451
6331	6332
3348	3836
5937	742
2424	4509
6333	4269
3795	4874
701	5905
6134	2228
781	6334
2377	5331
5951	1139
3382	6335
5219	4246
3188	6336
6176	2532
563	6337
2665	3946
1780	4143
2442	4941
2566	3496
3483	2530
1144	6019
1505	1661
4291	2797
6	5891
6210	6338
4520	6339
4489	5583
1397	6340
2584	6089
5330	771
2337	5496
2398	1651
1295	4236
205	6262
5959	5662
5898	1426
1146	4415
2500	69
5211	4675
5123	2332
4584	6341
4524	2874
6253	1598
2794	4990
298	2205
5699	3131
319	6342
637	6343
2252	6344
5391	4915
4364	1963
5837	4741
1935	6345
891	3573
5454	2500
1119	5417
5770	1677
2965	3639
3247	1588
3602	3845
4232	2502
6346	1504
5910	3921
901	3686
4401	6193
3567	5956
2585	5736
5842	1363
6347	2170
3149	2118
4064	3262
5787	1911
1362	1200
1583	1303
4612	5500
1516	6287
3746	1013
3397	3994
4435	4504
6348	2419
2699	4815
504	4658
1931	3000
6331	3291
5770	4790
6080	4700
2375	1877
5434	5358
1411	5970
3262	5563
5447	628
5805	2541
6349	1869
2209	6350
3842	5871
4279	4095
756	261
2784	2613
569	766
1183	6188
1531	6351
4035	5373
1236	750
5350	5716
4817	5171
1717	6352
6353	4349
4405	4285
2343	489
2495	6354
6355	2819
3867	3297
5888	3659
6356	5974
1823	1800
2350	5285
4443	3663
1604	3838
3823	4881
5483	2859
5927	6357
2858	3615
1932	5561
615	4245
6358	4170
6359	5049
5946	2774
1686	6360
2155	639
2303	5070
6200	5359
3449	5022
3968	665
5642	5625
1027	6361
4017	519
2076	6362
6363	5157
5788	6204
12	6010
4675	2208
2298	2021
4859	453
6364	2974
6365	6071
6366	1064
804	5761
4047	4937
4346	3312
1319	1089
5439	3023
3653	6367
6176	4327
769	3865
6368	2853
1407	2056
6369	945
6370	2415
3623	1151
6371	4211
4262	4472
6372	1600
5310	6373
3723	4083
5915	4398
6374	73
6077	3713
1630	378
6375	4184
1879	5451
952	2812
365	6376
6377	1975
6378	6028
4994	4903
3527	6379
4081	3004
6380	6381
6382	4457
6289	1958
6301	6383
4904	3260
5658	6384
6382	4458
4493	4529
1629	2484
5460	4164
2669	2189
4387	285
4832	5628
3626	6385
4946	3111
817	1531
5697	5295
5424	4554
3222	2817
2459	6074
3485	2129
2855	4965
4961	6386
923	4598
6192	1447
6247	4696
1340	6274
1313	1736
5281	6387
2652	3283
476	4231
964	649
2777	3831
4313	65
3706	975
2355	1414
3387	4305
1962	6388
6389	5975
3329	5930
5665	6287
1730	5892
5494	2719
4515	1078
2831	6390
2328	232
6391	4943
1565	1746
4984	5584
3456	1762
5368	3096
6188	519
2454	5467
1074	2401
6392	3938
6279	4633
5014	862
3114	4515
4227	4808
408	5805
5673	2137
725	2766
945	773
3657	6393
213	6394
3128	4191
1993	1060
5189	6395
5637	2323
2811	6396
193	3254
5594	267
4754	6397
2884	4298
3400	6398
3063	6399
424	5169
5740	2900
6400	4533
3752	5446
3259	3024
1379	71
343	6401
1883	868
1399	5674
4057	6402
680	5955
3081	5948
4487	6160
213	4929
391	421
1465	562
214	2707
3398	5653
6403	4511
6229	6404
363	3534
3868	5059
3244	5503
4875	3651
1226	334
1286	3049
1885	6405
2782	2032
6406	762
6407	5551
6408	4658
6409	840
6410	3698
2132	3585
5739	2780
334	5878
2531	5532
1378	6280
4485	2544
3090	27
1025	6380
1638	510
982	5109
2991	2473
4929	3474
20	2493
203	6411
5749	1027
4645	6412
4488	1025
927	4947
2484	2485
3889	4663
2314	6413
2744	5920
4357	3666
4294	2130
5956	6414
6193	4238
6415	6189
2720	1432
5920	6333
1338	3444
6416	4003
3192	4408
4148	3467
1663	1523
2033	5990
5409	6417
2915	6418
4128	6419
2796	2450
2532	5339
4951	1231
849	5108
3458	6405
1847	567
2043	1809
2823	778
851	1143
6197	4316
582	2845
3352	5662
6420	6421
2297	2776
1070	3640
6422	3420
6423	2861
861	4234
3507	5818
3604	3972
2607	5728
818	6424
5291	1995
272	6425
4540	1110
18	216
4590	2124
2094	3828
6426	1083
2583	6089
515	3303
6427	3430
4779	3830
1151	2933
6428	5042
2517	6341
6098	2573
4546	1415
709	6152
4602	2565
2204	4950
6429	3026
6430	906
6431	2876
5140	6432
2615	896
5953	2914
4146	6289
2546	6433
3970	3059
5367	5579
5474	4437
1471	684
5236	1539
1172	4743
3915	2228
2802	2025
1988	5054
6434	4628
1510	2513
5254	4684
2013	3141
3092	3059
4949	386
3410	6435
5078	697
6436	2788
6391	3681
4748	5650
5084	329
3742	2337
4960	4313
308	6437
4408	311
45	4724
4411	5462
4219	905
3203	4489
1599	6438
1683	6404
962	1271
806	206
3783	3945
2712	2667
4406	6276
3290	5520
6343	4829
778	2803
1430	6134
4370	370
2463	3837
5446	6439
4596	4311
6440	3693
601	6441
1175	5283
4510	1940
1868	5825
1850	6442
5623	1120
1759	3047
5074	4648
1325	4294
6443	3262
1633	2288
6444	678
2970	1771
304	3478
5337	5744
2448	6445
2982	3940
2444	2996
4849	2478
6202	6345
5579	2448
578	934
5410	2954
774	3047
6436	5253
2096	2752
3787	2409
3075	3148
2640	1202
4780	6446
2623	6152
1824	2383
6447	3410
6448	4680
4340	1754
4298	4703
6449	1079
3866	3296
4856	6450
2423	2297
6451	1916
4916	4916
4290	245
3064	4896
4263	4268
5875	399
4706	5901
3885	2491
3923	6452
4177	6453
2023	1330
4807	5075
5391	3991
5907	5069
5914	2339
5008	4188
66	860
5965	5182
3582	687
5130	2494
2032	5769
2151	1106
2736	6454
5690	5087
4798	1642
2743	3026
4456	1727
5258	6455
4460	792
5005	6456
2058	1908
4651	2803
3269	438
1983	6457
1655	4657
2790	3884
4436	6368
6373	5289
3671	4687
6458	4509
989	1175
2662	1756
2052	6459
812	1697
3760	4117
1162	608
4943	6460
6001	6461
2950	1671
205	498
6153	4120
4127	3936
914	1113
3770	5703
2504	683
751	3203
6462	2324
3707	4790
4858	6463
6342	4745
2276	6284
6464	1483
6465	2202
1359	801
4272	2144
1900	2375
4849	1371
2764	992
1987	6466
4291	1807
4724	6202
5336	3893
6467	4931
1788	6468
2171	6469
4355	5229
350	5450
414	6470
5997	4765
1774	180
1551	6471
5155	3184
6472	3999
1196	4708
6473	4669
2167	1520
3597	6474
1758	915
6475	5121
5299	3105
5998	6476
3981	1607
6477	2650
533	630
5100	955
6478	652
4588	642
1939	4912
1276	2244
16	2083
5639	6479
1557	2816
154	1352
5496	4604
6480	6171
543	6324
4040	335
3339	1908
6481	6018
5724	2350
4581	6482
3195	1997
5132	4096
5706	633
5542	3807
2145	4958
878	6483
2549	3357
1912	2984
5909	4592
485	1300
4919	425
1124	3531
585	395
5611	3032
4538	5160
6484	3792
1667	5512
6485	6486
3669	4093
1392	1309
1924	1240
2112	6487
6488	4938
89	2240
4013	1110
5081	729
5103	2733
371	1977
727	3319
5592	1573
5654	510
2196	1089
6405	6011
1073	5428
3979	2458
1287	6489
2689	6490
375	3178
3618	5485
1095	2100
6491	5890
1169	6492
6493	5594
4285	1880
2094	3492
1895	6494
526	2873
4948	6495
4179	1301
6408	3596
6496	4290
3224	3543
1060	6497
6498	4530
4648	2151
494	4520
6439	3842
5757	2088
6499	3501
5846	6500
6501	6502
5624	6503
5866	167
289	544
6020	6504
6505	1670
2486	3577
5083	4293
5128	3347
4229	5972
3942	5008
6506	6269
2308	970
1441	1809
6495	4823
4491	6507
4374	6508
1869	6509
6108	6510
3844	5871
2078	1427
5357	2086
2331	3585
6066	1271
6276	6511
5793	4641
2185	1001
1637	1472
1037	6450
872	3298
5984	3500
4917	5216
3340	6512
5275	6513
6514	1073
6515	4335
3284	3489
1455	140
2326	1853
4898	6516
4155	3403
3456	6517
5188	3202
3586	1456
3881	5236
2521	4241
2618	5362
5374	957
2425	4041
4084	4573
5461	6518
6406	5576
2378	3646
404	2476
5000	5159
5532	5340
2520	6519
5851	2563
2191	4579
2482	5615
3551	435
6245	5477
5775	4556
216	269
3389	6520
3727	5337
3793	5270
4511	1477
6521	3522
5598	1530
5786	2569
6010	5798
4089	2275
6305	1147
3181	281
6416	6522
5041	455
6523	3510
903	1803
6485	6524
5032	5720
4850	3754
2411	3227
2211	3138
3670	576
741	5245
5036	2656
134	4358
4447	4648
4435	2754
6525	4132
6526	6210
6527	3282
3885	5181
5140	6528
6303	2019
856	3767
6258	5292
642	4480
5027	3354
3549	3818
2047	2781
6024	616
6529	4173
6530	6531
1066	6532
2319	4411
4151	2081
3549	1740
4385	4295
5181	3088
4563	4344
4795	3339
2379	2380
1282	49
3214	3213
6533	6355
5597	4951
5119	5382
1517	3452
250	2295
5135	5735
2597	2810
3155	2993
4108	3532
6534	2448
414	3660
4954	794
6148	2365
4733	5239
5891	1911
6535	2952
3963	2050
1137	6536
2041	2366
2648	511
4527	1807
6537	3755
3207	6538
1921	459
215	3704
3325	4171
5458	5248
5142	5953
2126	6539
4906	5171
5145	4911
5280	3600
6224	1236
2828	5637
3287	975
4107	5114
6540	3658
4930	6077
1195	6541
6173	3583
5395	5558
5459	1905
2900	6245
812	5982
779	6542
904	5379
4499	1346
2550	1487
1039	1485
1370	3178
4311	3272
5751	4225
1489	1127
3297	6543
6373	2492
5738	5997
815	1091
2569	2982
320	6342
4646	5484
5535	354
3453	5452
4276	3146
6544	2948
4742	3387
4305	6545
4442	5912
255	1010
3785	3139
6291	6546
459	5065
5038	5980
3121	6521
3576	5103
2152	2545
4171	6358
5830	5524
1320	303
4053	2926
1022	6547
4729	2567
413	3617
3753	3769
6073	6262
179	525
498	2036
6169	6548
694	3530
6549	4694
6059	388
5622	2999
5077	2379
1834	4079
1842	4121
771	2670
627	103
5014	6550
3021	3152
1776	6551
2183	471
4627	1019
5949	2064
6228	2038
4537	4968
3055	6408
4786	1038
1581	896
5438	4362
5159	1657
5371	6291
5928	5376
5106	5876
4976	2637
343	4216
2821	5775
3540	3628
3290	4345
3247	4053
5415	3850
6468	6552
4189	472
1492	5949
306	423
4591	2587
3014	3110
235	6238
3922	5856
4966	235
1148	2834
5940	3774
4445	5794
4280	2275
36	6056
2177	4821
3597	4111
525	5927
3283	5757
884	894
801	2424
5127	5067
2176	5317
5359	2957
2833	827
1785	3773
4886	6553
2763	163
1706	3107
2312	6554
2418	793
2395	2570
5018	3976
4997	4228
1447	6555
4617	1628
5363	1145
2238	6166
2773	3124
6556	6523
2002	2165
3085	3860
4415	3490
6557	1902
3883	6558
4199	2178
4165	6333
3131	3017
3386	392
4793	6559
2162	1829
2238	6560
3786	6561
541	4495
3791	1488
2338	4592
991	2882
6322	4063
3536	4769
3509	5000
5871	1049
6562	1651
6563	4067
1622	3195
4196	6391
3553	4273
4349	6564
4565	603
1133	6565
915	6000
3264	1945
6298	1483
6068	1693
3344	5331
3641	4011
6566	5308
3269	5764
2029	2141
1163	6029
5115	4087
2917	5634
1480	6501
6267	575
1995	731
4390	6567
948	1198
312	409
2438	5837
6568	2696
2554	2909
1894	3619
4084	1172
6569	2288
1662	2629
799	3245
4378	6570
4169	4925
1581	4587
6287	3055
4309	6571
6214	3343
3728	6572
3152	3918
6210	1881
4449	1912
2851	4841
3550	4250
4801	843
5329	6573
1588	4054
634	2799
2913	1495
4832	4619
2574	983
4671	5385
58	3911
4265	3777
232	92
5826	3677
4812	478
2961	6574
5002	1834
6575	4081
3860	6576
4021	4834
4133	599
692	6577
3154	1190
5417	1066
5809	3718
4896	1418
3904	5200
6578	1900
927	4303
6579	6160
4079	787
5558	3059
1643	5907
1741	6580
1578	4923
608	5880
4605	6098
885	6553
4481	6397
5897	6581
4472	5885
1673	5961
234	3925
4388	6582
5214	6583
2574	4212
5898	3359
2371	5519
3414	1667
6584	2861
2218	6150
712	3121
5443	3388
3118	1097
3546	6585
3565	6365
2631	3579
796	4546
1727	19
5900	6586
6153	6254
152	6436
4228	4842
268	4365
5249	2250
1974	474
5961	6587
5709	2655
6588	2052
6589	903
4568	6146
1798	5411
1786	3993
6590	4651
6591	6592
426	2772
689	2599
5672	3400
6543	6253
1455	3988
3811	1709
3889	6593
1692	2257
415	4286
4278	6594
5046	5046
4947	6529
6216	4027
5681	1221
3583	6595
2755	6596
4300	2650
4625	1550
2499	6597
2876	4691
6598	4842
6108	6599
5816	1970
823	825
3096	6600
3809	5155
3495	3990
70	4756
6601	3698
6285	4996
2372	5610
2488	1118
1714	1478
4722	6273
2611	6602
4589	5302
4968	5279
1848	966
1198	2508
1933	5646
2662	3795
5057	3244
356	280
5110	2169
1109	1258
685	1320
1710	5665
4166	5389
6055	5354
3851	6603
149	1836
3178	4621
5346	6604
1808	3068
5418	1008
5113	6605
3540	29
690	5739
5075	5043
5363	323
4381	1851
4367	6563
5380	1351
5332	3820
3230	5250
536	2538
1575	1218
385	2759
1170	5407
3157	34
4143	6606
5320	6280
6324	6607
3151	6608
2417	2187
5421	6523
972	6020
687	6609
4337	2908
185	6610
5797	6040
5695	366
5843	1538
2126	5482
2739	833
97	3118
6309	3278
1378	722
2609	439
715	1609
2195	2963
6301	2811
271	272
5205	2432
1224	1630
6611	4131
1754	4446
4353	3878
3480	3638
6052	6612
5691	6613
6614	116
1164	63
5196	1813
836	148
2914	3736
959	6615
5411	4671
3835	4008
1489	1189
3334	2160
5929	5009
965	5041
21	4193
1035	3859
5127	1938
4269	3449
3391	6616
2067	6617
5968	5318
2292	4807
5115	121
3662	2209
4027	288
444	537
22	855
5834	3834
6618	2825
6197	1858
4698	6619
3993	2348
286	5128
635	4441
5715	3765
3807	2601
3759	3348
5560	2771
3231	818
1493	3961
2437	3890
4342	3595
559	326
4908	5334
6620	442
2766	6621
4274	689
5998	6622
6273	894
6623	4099
1306	4782
3183	3030
2255	5293
98	6251
588	4215
6603	5545
1051	1319
1670	5809
4649	5543
1788	4410
5270	6624
2414	634
383	1314
3125	3054
4311	4387
6389	5975
5022	6625
978	3480
5018	3428
4192	5210
5667	5882
5602	4527
3816	2286
5542	6051
6529	2864
5948	1548
6626	4746
5653	2990
1981	1269
2762	6627
5977	6628
5470	5141
6629	5729
6630	6331
4363	1598
5905	309
97	6331
570	296
6390	6631
6632	4024
6633	1713
3803	6634
2011	3108
5460	1918
317	4738
174	2836
1994	4920
3572	6220
2808	5875
258	4908
4680	42
5427	4721
2336	3235
3588	5656
5651	1050
5461	2567
1275	4655
4352	1637
6635	6636
6420	1313
1887	1572
4469	681
4325	6637
5388	2466
3831	913
4950	3992
1175	2978
1760	6145
860	4963
2675	5933
1007	628
1890	1993
1237	4221
801	6638
1410	4370
3321	39
81	82
3163	5854
771	5991
3908	5402
6221	6106
6639	6003
1677	4913
6128	6640
2734	6641
6362	5679
1248	5865
5456	3276
6642	5853
4339	3511
6251	319
5173	520
4195	1070
6643	2877
3972	6018
3977	6200
3536	4263
4745	4474
4730	6370
3141	5672
6644	3537
6511	601
1972	2976
4852	6645
303	6646
2693	4832
1715	2459
2426	765
1249	3995
4787	6647
3640	962
4067	580
6339	4114
5818	3086
5293	6648
5653	3740
2979	5425
3648	6649
3742	5483
5746	5946
2432	789
2765	625
899	3014
3402	6650
1445	6651
5169	1942
4282	88
480	2938
4864	4091
3397	6652
4359	4670
918	6304
5955	3012
4634	5018
2687	4225
6501	1088
5387	48
4020	3327
4691	3021
3463	4452
1212	193
3305	6312
3779	2536
1422	3510
6631	6451
2507	655
6502	2666
5873	1506
2008	6653
340	6654
3285	5743
5756	4200
2452	5927
1046	4572
2765	4085
4271	5105
2250	961
2465	2800
1705	2474
6189	677
3212	3571
4685	4524
5207	1337
3137	3714
6003	6655
2626	1401
3308	4127
6656	1952
6657	6130
6658	3626
2358	476
4275	733
1484	153
4915	4444
850	2074
758	6531
2580	6659
5285	3508
5419	2642
3101	6660
6323	6468
3478	1798
2879	1347
1282	5236
4715	4793
6661	2512
6531	2924
2492	3684
1284	6608
5880	6662
5534	2705
3952	1393
348	5691
2905	1556
3542	6663
2836	6664
5617	3613
2723	1543
6522	2992
941	1458
2563	1946
2394	6355
1970	5245
1487	4804
1800	6584
1499	6665
6333	6666
5651	2284
1368	1524
1243	75
755	4207
259	6635
6570	6022
2623	6667
2245	5074
5031	996
5736	3422
1584	4993
5728	5385
2652	6668
5876	2474
1093	5968
6669	3050
1180	1481
6670	2807
6540	2167
6671	2058
1225	5856
5452	5740
3849	5337
2691	1289
5087	3363
4926	1359
6672	57
4796	6671
1240	6673
4039	5944
2596	1894
738	2428
5883	5785
5903	3074
1279	6674
5244	2235
2704	5777
4619	6675
4054	3071
539	5139
2256	2072
1270	1533
1364	6676
2805	2159
2729	582
4242	6677
1383	4367
3326	3671
720	6678
80	2315
6543	4362
5519	3488
2712	4258
3779	3766
2980	1704
5124	4312
724	4881
6270	6679
2063	3869
3902	5708
3919	400
468	182
6039	2054
3229	5915
5985	2390
6296	2897
4861	4128
3792	6680
6681	5553
1586	6682
4059	5854
5185	1605
450	4905
4206	5616
2071	2648
5966	3331
5055	5455
5824	6683
5309	4694
6217	5548
6684	2044
2877	3081
649	866
6685	944
1520	6686
1535	6687
6688	6645
5668	1399
4140	3225
5968	4577
6553	588
4862	897
5166	4340
3014	4946
6000	4363
2106	798
2345	3514
6028	6011
4088	4574
3725	5113
6689	2360
6690	888
2247	5301
3238	5005
6563	3728
5625	2169
6691	2791
2886	61
6008	617
4149	4739
1721	3256
1125	6692
4726	4354
3297	5817
1296	5132
2630	6693
3023	2313
5584	3153
5250	1232
6395	4934
1465	5556
274	469
766	1182
2173	4077
6694	4698
2845	4644
3129	89
2232	3559
3774	5695
3681	5459
5251	3829
3173	3172
440	5317
3898	3292
2702	746
3116	3278
1776	5154
3884	6695
630	3870
5058	3961
5982	813
2124	66
1937	751
1637	973
217	4685
1113	2794
6019	4577
4115	4075
6511	3022
4109	5851
5125	6696
2050	5112
4294	5738
4845	5275
2119	2646
5602	6496
6697	2516
2685	2078
6274	3040
3448	6389
497	131
4096	450
6698	3741
5592	5089
2849	2184
5604	1034
1530	6699
5909	5737
5890	6700
4227	6701
6010	2062
3444	5891
4366	6406
3651	5801
5402	6217
1922	5325
6456	5006
6702	372
3238	4735
1316	989
3913	2750
2342	488
4110	1416
1336	6703
298	3472
3148	3499
420	1645
2873	6501
3748	5150
4020	2019
3736	2915
598	6704
2413	244
2246	3116
489	1123
6570	6705
5798	3668
2716	4851
828	6575
6395	116
400	300
777	3539
565	6706
3573	1045
4182	56
5089	1573
4873	3125
5686	6309
6707	4753
5241	6258
1239	6708
3999	2312
6709	6392
4894	6164
5090	915
1915	6710
1200	5974
6711	6102
50	4536
6712	1277
5480	3161
1574	5133
4925	1738
6713	679
4704	6714
3746	3789
195	2585
5287	6715
2964	6716
2208	321
5652	6717
3003	793
2975	5744
4602	4721
5677	3004
2369	2122
1504	5554
5268	6718
6719	4920
5531	3791
3129	2239
6592	587
4867	2002
717	5878
3700	6269
5997	302
3051	6128
68	270
4164	2932
4605	6382
1348	6720
3651	1790
4062	1622
4643	3094
138	3230
206	6114
1485	2553
5698	2539
2770	5959
1856	4812
6721	545
2320	1022
4633	5539
6722	5978
5596	6236
1461	6216
1996	731
1434	6723
5177	3301
4700	6255
5904	4319
2819	549
3137	3886
4146	2124
5843	1806
3830	887
6724	2145
518	1583
3989	1137
2674	6725
3037	5788
770	3
5622	1056
2285	1794
3994	5298
5512	6726
6727	4541
6728	466
571	3451
2193	3036
6285	3191
5641	5685
3786	6729
4846	3317
3100	4406
6730	6303
6645	5897
5550	6731
2967	623
5782	5565
3384	2704
2533	3938
4433	4416
3311	6279
4077	5658
3988	5257
2389	1377
2608	34
3599	9
6388	6732
3667	149
5059	2869
2400	3767
2213	1395
3790	3778
5842	741
6733	6171
2143	5870
740	5486
4963	1851
4123	2814
4964	592
5225	5965
660	3346
3144	6224
2820	2202
3499	6722
5469	1075
3575	4193
732	465
2919	1767
4136	796
456	2248
6734	79
1256	3955
6735	421
790	3940
6263	490
835	6485
2648	5491
2215	1033
1731	6736
4647	5737
3523	1369
195	4072
2101	4342
4810	2200
1610	5366
5481	6522
5456	5173
5845	1370
5737	1039
2487	2830
6121	3109
2668	112
1495	641
1092	3239
5338	5116
6358	746
4360	4510
1734	4983
5884	6272
1747	4565
3034	2001
4796	6737
6497	1167
6722	6738
4820	4166
6247	5027
2309	3288
3126	6420
6739	228
3406	4539
6740	697
1338	5787
4318	3573
4575	6145
78	154
5681	4442
6652	4267
2935	5623
3874	3232
3217	3010
5471	4470
1021	6741
4135	5779
5536	6164
2441	3587
3156	5515
2525	1713
30	3868
5631	1196
1545	5071
1505	1030
1535	5030
690	2779
5013	434
6109	5721
1786	173
1818	2855
5520	4496
6742	854
3630	5072
4191	6743
2123	4672
2636	2549
4753	6744
923	1187
2410	3076
5118	6083
5419	2641
5187	5188
5256	2378
3798	5076
6155	243
4652	6041
6404	6745
6746	2262
5878	626
4085	4763
991	2795
1872	5951
5451	110
3758	4847
6747	1067
4040	336
226	4397
1384	1541
4731	5492
2109	283
3095	1433
6748	6296
2561	1972
1157	6197
1052	6496
4897	3781
6749	1328
6750	6540
3408	6751
191	3316
5318	1681
6752	2123
2083	142
4216	5542
1085	4035
5840	6049
2818	921
1393	1310
1067	5984
5195	4176
1002	2257
4122	445
2629	3793
5698	1627
2588	6753
5606	6591
4815	1006
4076	4147
5986	1427
2836	4976
4687	95
3181	172
5484	5051
2475	1996
4739	4044
2627	3504
4309	754
4578	5689
3163	4539
6272	446
6341	3277
5901	3949
6754	5125
3518	15
5166	6755
3301	4293
5153	5627
366	3463
1830	640
6756	4650
2231	1771
1494	4247
5781	3326
4187	604
665	1764
2942	5388
3634	157
2614	3189
5457	6757
461	2892
5253	5355
1898	1463
6758	1950
6759	4636
600	6760
2506	2068
5985	4174
4573	2125
5900	2272
5513	4844
3606	3091
341	169
2978	4218
4733	6208
2180	5611
4800	6761
781	878
2847	1703
5216	6762
2079	6763
3718	3311
4628	899
3504	3909
2885	6764
5435	4952
572	6267
6765	6416
224	5253
3890	864
1132	6042
1224	1786
1486	4630
165	2278
6766	818
5513	6767
134	43
6362	6768
5652	267
6769	3904
2561	5295
2057	6661
4023	5969
6770	3512
1303	985
3251	5940
6270	6363
